-0.00710191223205,0.0323643389856,-0.0368074553268,0.00366180307602,0
-0.00645462545234,-0.162210936873,-0.0367342192653,0.284508084303,0
-0.00969884418979,-0.356790236207,-0.0310440575792,0.565382699316,0
-0.0168346489139,-0.551463212719,-0.0197364035929,0.848125978723,0
-0.0278639131683,-0.746310485317,-0.00277388401844,1.13453784,1
-0.0427901228747,-0.551152346009,0.0199168727816,0.840986236408,1
-0.0538131697948,-0.356307869184,0.0367365975098,0.554632661174,0
-0.0609393271785,-0.551925871864,0.0478292507333,0.858659816672,1
-0.0719778446158,-0.357486947272,0.0650024470667,0.58139140943,1
-0.0791275835612,-0.163333123602,0.0766302752553,0.309872992701,1
-0.0823942460333,0.0306181336059,0.0828277351093,0.0423071372438,1
-0.0817818833611,0.22446070044,0.0836738778542,-0.223136379828,0
-0.0772926693523,0.0282486797552,0.0792111502577,0.0947233697373,1
-0.0767276957572,0.222151230504,0.0811056176524,-0.171954733172,0
-0.0722846711472,0.0259677587584,0.077666522989,0.145172033492,1
-0.071765315972,0.219896504682,0.0805699636588,-0.122033171159,1
-0.0673673858783,0.413777235993,0.0781293002356,-0.388248893719,0
-0.0590918411585,0.217638255503,0.0703643223612,-0.0719912656271,1
-0.0547390760484,0.411684579604,0.0689244970487,-0.341670442243,1
-0.0465053844563,0.605761668771,0.0620910882038,-0.611847102941,0
-0.0343901510809,0.409829390742,0.049854146145,-0.300271985092,1
-0.0261935632661,0.604206607825,0.0438487064432,-0.576824503507,0
-0.0141094311096,0.408498352743,0.032312216373,-0.27065690421,1
-0.00593946405472,0.603144665848,0.0268990782888,-0.552975828874,0
0.00612342926224,0.407655499592,0.0158395617113,-0.251940783901,1
0.0142765392541,0.602547729631,0.0108007460333,-0.539585820673,0
0.0263274938467,0.407275626604,9.02961985591e-06,-0.243519393135,1
0.0344730063788,0.602397448847,-0.00486135824285,-0.536199471779,0
0.0465209553557,0.407344189217,-0.0155853476784,-0.245052273262,0
0.0546678391401,0.212448269133,-0.0204863931437,0.0426741952508,1
0.0589168045227,0.407857906584,-0.0196329092387,-0.256401332429,0
0.0670739626544,0.213021682933,-0.0247609358872,0.0300249754619,1
0.0713343963131,0.408489808151,-0.024160436378,-0.270366306551,0
0.0795041924761,0.213720812584,-0.029567762509,0.0145994447872,1
0.0837786087278,0.409254050978,-0.0292757736133,-0.287263868662,0
0.0919636897473,0.21456156691,-0.0350210509865,-0.00395613058881,0
0.0962549210855,0.0199589146043,-0.0351001735983,0.277474775392,1
0.0966540993776,0.215563578216,-0.0295506780904,-0.0260688288196,0
0.100965370942,0.020877596694,-0.0300720546668,0.257146011702,1
0.101382922876,0.216415690598,-0.0249291344328,-0.0448683677247,0
0.105711236688,0.0216599168429,-0.0258265017873,0.239846116247,1
0.106144435025,0.217141105479,-0.0210295794623,-0.0608700289328,1
0.110487257134,0.412558164101,-0.022246980041,-0.360113043516,0
0.118738420416,0.217759400777,-0.0294492409113,-0.0745272767098,0
0.123093608432,0.0230717419611,-0.0309397864455,0.208720761956,1
0.123555043271,0.218622124293,-0.0267653712064,-0.0935592728152,0
0.127927485757,0.0238938207354,-0.0286365566627,0.1905604838,1
0.128405362172,0.219413494487,-0.0248253469867,-0.111016779781,0
0.132793632061,0.0246559111202,-0.0270456825823,0.173731676036,1
0.133286750284,0.220154290648,-0.0235710490616,-0.127359110392,0
0.137689836097,0.0253778014297,-0.0261182312695,0.157795217914,1
0.138197392125,0.220863766266,-0.0229623269112,-0.143011607199,0
0.142614667451,0.0260780681664,-0.0258225590552,0.1423395842,1
0.143136228814,0.221560142141,-0.0229757673712,-0.158376759621,0
0.147567431657,0.0267745413255,-0.0261433025636,0.126970245246,1
0.148102922483,0.22226106972,-0.0236038976587,-0.173844601278,0
0.152548143878,0.0274847502231,-0.0270807896842,0.111299591363,1
0.153097838882,0.222984074342,-0.024854797857,-0.189802650556,0
0.157557520369,0.0282263586762,-0.0286508508681,0.0949371340693,0
0.158122047542,-0.166473482934,-0.0267521081867,0.378444839268,1
0.154792577884,0.0290179773267,-0.0191832114013,0.0774483922302,1
0.15537293743,0.22440960356,-0.0176342435567,-0.221224639581,0
0.159861129502,0.029544092283,-0.0220587363483,0.0658439821112,0
0.160452011347,-0.165254765792,-0.0207418567061,0.35148643948,1
0.157146916031,0.0301559182526,-0.0137121279165,0.0523357953972,0
0.157750034396,-0.164766760748,-0.0126654120086,0.340661087672,1
0.154454699181,0.0305330854449,-0.00585219025512,0.0440112829155,1
0.15506536089,0.22573846349,-0.00497196459681,-0.250512304216,0
0.15958013016,0.0306878647397,-0.00998221068114,0.0405982260467,0
0.160193887455,-0.164289530986,-0.0091702461602,0.330115027232,1
0.156908096835,0.0309617512797,-0.00256794561556,0.0345544036724,1
0.157527331861,0.226120433278,-0.00187685754211,-0.258937629299,0
0.162049740526,0.031025326393,-0.00705561012808,0.0331527198044,1
0.162670247054,0.226247743366,-0.00639255573199,-0.261747948984,0
0.167195201922,0.0312176241239,-0.0116275147117,0.0289118539189,0
0.167819554404,-0.163735667519,-0.0110492776333,0.317903611178,1
0.164544841054,0.0315418998272,-0.00469120540973,0.0217567190228,1
0.16517567905,0.226730812334,-0.00425607102928,-0.272402637373,0
0.169710295297,0.031669849091,-0.00970412377674,0.0189348763689,0
0.170343692279,-0.163311599448,-0.00932542624936,0.308540310618,1
0.16707746029,0.0319419757891,-0.003154620037,0.0129310470519,1
0.167716299806,0.227109025948,-0.00289599909596,-0.280745528268,0
0.172258480324,0.0320285043862,-0.00851090966131,0.011022604454,0
0.172899050412,-0.162970361336,-0.00829045757223,0.301008132226,1
0.169639643185,0.0322687670311,-0.00227029492771,0.00572213734877,1
0.170285018526,0.227423203818,-0.00215585218074,-0.287676229562,0
0.174833482602,0.0323320628615,-0.00790937677198,0.00432598177838,0
0.17548012386,-0.16267556858,-0.00782285713641,0.294502946961,1
0.172226612488,0.0325570331436,-0.00193279819718,-0.000636891458729,1
0.172877753151,0.227706650105,-0.00194553602636,-0.29392901245,0
0.177431886153,0.0326124906983,-0.00782411627537,-0.00186031441104,0
0.178084135967,-0.162396382369,-0.00786132256359,0.288343775156,1
0.17483620832,0.0328367865947,-0.00209444706048,-0.00680813424903,0
0.175492944052,-0.162255064751,-0.00223060974546,0.285213233926,1
0.172247842757,0.0328986284941,0.00347365493307,-0.00817237640547,1
0.172905815326,0.227970590818,0.00331020740496,-0.299757302051,0
0.177465227143,0.0328016133875,-0.00268493863607,-0.0060322406242,1
0.17812125941,0.227961967333,-0.00280558344855,-0.299561087386,0
0.182680498757,0.0328801188082,-0.00879680519626,-0.00776430671009,0
0.183338101133,-0.162114576301,-0.00895209133047,0.282130191585,1
0.180095809607,0.0331339140881,-0.00330948749877,-0.0133626883737,0
0.180758487889,-0.161940418825,-0.00357674126625,0.278274221005,1
0.177519679513,0.03323237475,0.00198874315386,-0.0155346564042,1
0.178184327008,0.228325748566,0.00167805002577,-0.307589448317,0
0.182750841979,0.0331799267964,-0.00447373894056,-0.0143777813121,0
0.183414440515,-0.161877580565,-0.00476129456681,0.276890276914,1
0.180176888903,0.0333119736457,0.000776510971469,-0.0172905510231,1
0.180843128376,0.228422780184,0.000430699951006,-0.309728378394,0
0.18541158398,0.0332946950564,-0.00576386761687,-0.0169096520681,0
0.186077477881,-0.161744123192,-0.00610206065824,0.273949147913,1
0.182842595417,0.033464359715,-0.000623077699983,-0.0206521197037,1
0.183511882612,0.228595240976,-0.00103612009406,-0.313531569611,0
0.188083787431,0.0334880651818,-0.00730675148627,-0.021175582265,0
0.188753548735,-0.16152834164,-0.00773026313157,0.269193053438,1
0.185522981902,0.0337030683198,-0.00234640206282,-0.0259179864433,0
0.186197043268,-0.161385155131,-0.00286476179169,0.266023701601,1
0.182969340166,0.0337775657551,0.00245571224032,-0.0275614172887,1
0.183644891481,0.228864214346,0.00190448389455,-0.319468529146,0
0.188222175768,0.0337151915284,-0.00448488668837,-0.0261856078563,0
0.188896479598,-0.161342156638,-0.0050085988455,0.265078919563,1
0.185669636466,0.033850922378,0.00029297954577,-0.0291795484023,0
0.186346654913,-0.161275229128,-0.000290611422276,0.26359580228,1
0.183121150331,0.0338508689787,0.00498130462332,-0.0291787722774,1
0.18379816771,0.228901032187,0.00439772917777,-0.320285889701,0
0.188376188354,0.0337167282442,-0.00200798861626,-0.026219336724,0
0.189050522919,-0.161376369347,-0.00253237535074,0.265829371442,1
0.185822995532,0.0337816335244,0.0027842120781,-0.0276512117724,1
0.186498628202,0.2288635467,0.00223118784265,-0.31945439006,0
0.191075899136,0.0337098903154,-0.00415789995856,-0.0260686654374,0
0.191750096943,-0.161352187229,-0.0046792732673,0.265299502623,1
0.188523053198,0.033836236614,0.000626716785149,-0.0288556291421,1
0.18919977793,0.228949194702,4.96042023059e-05,-0.321340754074,0
0.193778761824,0.0338265371177,-0.00637721087918,-0.028642184423,0
0.194455292567,-0.161203382793,-0.00695005456764,0.262021859446,1
0.191231224911,0.0340170836793,-0.00170961737872,-0.0328450675459,0
0.191911566585,-0.161080309248,-0.00236651872964,0.259297966909,1
0.1886899604,0.0340753459815,0.00281944060855,-0.0341304520789,1
0.189371467319,0.229156752246,0.00213683156697,-0.325922483973,0
0.193954602364,0.0340044424781,-0.0043816181125,-0.0325664596248,0
0.194634691214,-0.161054401252,-0.00503294730499,0.258730805732,1
0.191413603189,0.0341390381043,0.000141668809647,-0.0355353253015,1
0.192096383951,0.229258957474,-0.000569037696384,-0.328173550789,0
0.1966815631,0.0341451119193,-0.00713250871216,-0.0356701269147,0
0.197364465339,-0.160873835086,-0.00784591125045,0.25475391299,1
0.194146988637,0.0343592572294,-0.00275083299065,-0.0403933861041,0
0.194834173781,-0.160723139583,-0.00355870071273,0.251420358082,1
0.19161971099,0.0344494478581,0.00146970644891,-0.0423829250817,0
0.192308699947,-0.160693547654,0.000622047947276,0.25076334559,1
0.189094828994,0.0344195151274,0.00563731485908,-0.0417233098742,1
0.189783219296,0.229460176763,0.00480284866159,-0.332622291855,0
0.194372422832,0.0342701945873,-0.0018495971755,-0.0384286633947,0
0.195057826723,-0.160825184591,-0.0026181704434,0.253670123547,1
0.191841323032,0.0343340525998,0.00245523202753,-0.0398374701362,1
0.192528004084,0.229420710092,0.00165848262481,-0.331744736874,0
0.197116418285,0.0342751911954,-0.00497641211267,-0.0385392674304,0
0.197801922109,-0.160775045943,-0.00574719746127,0.252569406396,1
0.19458642119,0.0344284972336,-0.00069580933336,-0.0419207394144,0
0.195274991135,-0.160683469346,-0.00153422412165,0.25054257168,1
0.192061321748,0.0344603572913,0.00347662731195,-0.0426238854874,1
0.192750528894,0.229532282629,0.0026241496022,-0.334207878758,0
0.197341174547,0.0343730817249,-0.00406000797295,-0.0406985862275,0
0.198028636181,-0.16069041497,-0.0048739796975,0.250700608233,1
0.194814827882,0.0345007970002,0.000140032467157,-0.0435156764126,0
0.195504843822,-0.160623161951,-0.000730281061096,0.24921142869,1
0.192292380583,0.0345092107003,0.0042539475127,-0.0437017548506,1
0.192982564797,0.229569904471,0.00337991241569,-0.335039491339,0
0.197573962886,0.0344000140153,-0.00332087741109,-0.0412926354841,0
0.198261963166,-0.160674159423,-0.00414673012078,0.25034067502,1
0.195048479978,0.0345067621796,0.000860083379613,-0.043647325394,0
0.195738615222,-0.160627511727,-1.28631282658e-05,0.249306841687,1
0.192526064987,0.0344946231858,0.00497327370548,-0.0433801424183,1
0.193215957451,0.229544907697,0.00410567085711,-0.33448981455,0
0.197806855605,0.0343647646969,-0.00258412543389,-0.0405150037514,0
0.198494150899,-0.160720035365,-0.00339442550892,0.251351487271,1
0.195279750191,0.0344502227454,0.0016326042365,-0.0424001724973,1
0.195968754646,0.229548724886,0.00078460078655,-0.334567550265,0
0.200559729144,0.0344156158199,-0.00590675021875,-0.0416373041509,0
0.20124804146,-0.160621138014,-0.00673949630177,0.249176148568,1
0.1980356187,0.0345964074902,-0.0017559733304,-0.0456249164218,0
0.19872754685,-0.160500320103,-0.00266847165884,0.246503467897,1
0.195517540448,0.034659640848,0.00226159769909,-0.0470199610039,1
0.196210733265,0.229749089422,0.00132119847902,-0.338988476323,0
0.200805715053,0.0346083633496,-0.00545857104744,-0.045889210447,0
0.20149788232,-0.160434891514,-0.00637635525638,0.24506650131,1
0.19828918449,0.0347775491434,-0.00147502523019,-0.0496208427422,0
0.198984735473,-0.16032322057,-0.00246744208503,0.242596336207,1
0.195778271061,0.0348338886228,0.00238448463911,-0.0508638636925,0
0.196474948834,-0.160322172257,0.00136720736526,0.242570433238,1
0.193268505389,0.0347802230325,0.00621861603002,-0.0496809273337,1
0.193964109849,0.229812455615,0.00522499748335,-0.340395358301,0
0.198560358962,0.0346165522165,-0.00158290968268,-0.0460693576471,0
0.199252690006,-0.160482665308,-0.00250429683562,0.246113726757,1
0.1960430367,0.0346749634963,0.00241797769952,-0.0473580610019,1
0.19673653597,0.229762159345,0.00147081647948,-0.339277114574,0
0.201331779157,0.0346193105587,-0.00531472581199,-0.0461307381205,0
0.202024165368,-0.160426029068,-0.0062373405744,0.244870617313,1
0.198815644786,0.034784451855,-0.00133992822815,-0.0497731744159,0
0.199511333824,-0.160318260463,-0.00233539171647,0.242486692564,1
0.196304968614,0.0348369717161,0.00251434213481,-0.0509319619558,0
0.197001708049,-0.160320942058,0.0014957028957,0.242543199186,1
-0.0272201826309,-0.0122936348916,-0.00948322367813,-0.0279317051771,0
-0.0274660553287,-0.207278315147,-0.0100418577817,0.26174413788,0
-0.0316116216316,-0.402255493707,-0.00480697502408,0.551242903308,0
-0.0396567315058,-0.597309602203,0.00621788304208,0.842407440506,0
-0.0516029235498,-0.792515867575,0.0230660318522,1.13703922411,1
-0.0674532409013,-0.597703091198,0.0458068163344,0.851678604554,1
-0.0794073027253,-0.403234589828,0.0628403884255,0.573744328614,1
-0.0874719945218,-0.209047358503,0.0743152749978,0.301501331145,0
-0.0916529416919,-0.405145496787,0.0803453016207,0.61666524565,1
-0.0997558516276,-0.211232482882,0.0926786065336,0.350330167297,1
-0.103980501285,-0.0175423829407,0.0996852098796,0.0882503955999,1
-0.104331348944,0.176019869753,0.101450217792,-0.171392648989,0
-0.100810951549,-0.0203967496812,0.0980223648118,0.15149264607,1
-0.101218886543,0.17319492645,0.101052217733,-0.108728460001,1
-0.0977549880136,0.366734531687,0.0988776485332,-0.36789805942,0
-0.0904202973799,0.17035681664,0.0915196873448,-0.0457475884925,1
-0.0870131610471,0.364055364526,0.0906047355749,-0.308210223854,1
-0.0797320537566,0.557777350646,0.0844405310978,-0.570999927924,0
-0.0685765067437,0.361579092493,0.0730205325394,-0.252955092696,1
-0.0613449248938,0.555586538437,0.0679614306854,-0.52174180704,0
-0.0502331941251,0.359577095203,0.0575265945446,-0.208441087535,1
-0.043041652221,0.553831301177,0.0533577727939,-0.482436901988,1
-0.0319650261975,0.748161141026,0.0437090347542,-0.757837067287,0
-0.0170018033769,0.552464958338,0.0285522934084,-0.451726788954,1
-0.00595250421018,0.747171722477,0.0195177576294,-0.735274660903,0
0.00899093023937,0.551785668453,0.00481226441131,-0.436513544858,0
0.0200266436084,0.356595928708,-0.00391800648585,-0.142317525094,1
0.0271585621826,0.55177377265,-0.00676435698774,-0.436233934872,0
0.0381940376356,0.356748226341,-0.0154890356852,-0.145691013941,1
0.0453290021624,0.552088527927,-0.018402855964,-0.443219913331,0
0.0563707727209,0.357231742332,-0.0272672542306,-0.156394361208,0
0.0635154075676,0.162510589776,-0.0303951414548,0.127563213121,1
0.0667656193631,0.358054486241,-0.0278438771924,-0.174551945624,0
0.0739267090879,0.163341865836,-0.0313349161048,0.109218732299,1
0.0771935464046,0.358898501792,-0.0291505414589,-0.193183181825,0
0.0843715164405,0.164205416026,-0.0330142050954,0.0901633292082,1
0.087655624761,0.359784641426,-0.0312109385112,-0.212750059736,0
0.0948513175895,0.165122502584,-0.0354659397059,0.0699264152346,1
0.0981537676412,0.360734495811,-0.0340674114012,-0.233731859061,0
0.105368457557,0.166115448684,-0.0387420485824,0.0480134418487,0
0.108690766531,-0.0284301724241,-0.0377817797455,0.328225585841,1
0.108122163083,0.167208714756,-0.0312172680287,0.0238714798325,0
0.111466337378,-0.0274519673122,-0.030739838432,0.306543853055,1
0.110917298032,0.168094226656,-0.0246089613709,0.00432704616175,1
0.114279182565,0.363560303676,-0.0245224204477,-0.296017597422,0
0.121550388638,0.168796370806,-0.0304427723961,-0.0111684036057,0
0.124926316054,-0.0258760628798,-0.0306661404682,0.271756153355,1
0.124408794797,0.169669749426,-0.0252310174011,-0.0304390879274,0
0.127802189785,-0.0250814586944,-0.0258397991597,0.254177612508,1
0.127300560611,0.170399731356,-0.0207562469095,-0.0465423422019,0
0.130708555238,-0.0244185337783,-0.0216870937536,0.239520210365,1
0.130220184563,0.171006406467,-0.0168966895463,-0.0599237728116,0
0.133640312692,-0.0238692562219,-0.0180951650025,0.227380604383,1
0.133162927568,0.171506556381,-0.0135475529148,-0.0709548243628,0
0.136593058695,-0.0234185758343,-0.0149666494021,0.217423183787,1
0.136124687179,0.171914095435,-0.0106181857263,-0.0799430384043,1
0.139562969087,0.367186638448,-0.0122170464944,-0.375957028894,0
0.146906701856,0.172240324416,-0.0197361870723,-0.0871511026079,0
0.150351508345,-0.0225932484508,-0.0214792091245,0.199240277972,1
0.149899643376,0.172829223515,-0.017494403565,-0.100140214942,0
0.153356227846,-0.0220376912467,-0.0194972078639,0.186972336176,1
0.152915474021,0.173357708405,-0.0157577611403,-0.111796872643,0
0.156382628189,-0.0215349423315,-0.0179936985932,0.175873219247,1
0.155951929343,0.173839838125,-0.0144762342083,-0.122431371804,0
0.159428726105,-0.0210717548874,-0.0169248616443,0.165649519587,1
0.159007291007,0.174288329878,-0.0136118712526,-0.132324309521,0
0.162493057605,-0.0206360213359,-0.016258357443,0.156033364017,1
0.162080337178,0.174714893222,-0.0131376901627,-0.141734026735,0
0.165574635043,-0.0202164617638,-0.0159723706974,0.146775402604,1
0.165170305807,0.175130535736,-0.0130368626453,-0.150903394562,0
0.168672916522,-0.0198023345391,-0.0160549305366,0.137638334093,1
0.168276869831,0.175545847539,-0.0133021638547,-0.160066121811,0
0.171787786782,-0.0193831625103,-0.0165034862909,0.128390803646,1
0.171400123532,0.175971271586,-0.013935670218,-0.169452747331,0
0.174919548964,-0.0189484683587,-0.0173247251646,0.118801518126,1
0.174540579596,0.17641736634,-0.0149486948021,-0.179296470706,0
0.178068926923,-0.018487512828,-0.0185346242162,0.108633430473,1
0.177699176667,0.176895067096,-0.0163619556068,-0.189838968215,0
0.181237078009,-0.0179890296669,-0.0201587349711,0.0976378476459,0
0.180877297415,-0.212816348567,-0.0182059780181,0.383893181671,1
0.176620970444,-0.0174407100952,-0.0105281143847,0.0855260298304,1
0.176272156242,0.177830559748,-0.00881759378812,-0.210459850458,0
0.179828767437,-0.0171642125565,-0.0130267907973,0.0794285984645,1
0.179485483186,0.178142035638,-0.011438218828,-0.21733568515,0
0.183048323899,-0.0168145499208,-0.015784932531,0.0717173003448,0
0.1827120329,-0.211706686029,-0.0143505865241,0.359378507724,1
0.178477899179,-0.0163837058733,-0.00716301636961,0.0622052778582,0
0.178150225062,-0.211402227364,-0.00591891081245,0.352619646698,1
0.173922180515,-0.0161966106807,0.00113348212151,0.0580762010918,1
0.173598248301,0.178909070149,0.00229500614335,-0.234248888479,0
0.177176429704,-0.0162455966295,-0.00238997162623,0.0591570719851,1
0.176851517772,0.178910540425,-0.00120683018653,-0.234278948543,0
0.18042972858,-0.0161941469313,-0.00589240915738,0.0580230613847,1
0.180105845641,0.179011792829,-0.00473194792969,-0.236513123304,0
0.183686081498,-0.016042235014,-0.00946221039578,0.0546734553272,0
0.183365236798,-0.21102724263,-0.00836874128923,0.344356025248,1
0.179144691945,-0.0157872456745,-0.00148162078427,0.0490459038815,1
0.178828947032,0.179355919302,-0.000500702706641,-0.244104118651,0
0.182416065418,-0.0157588766372,-0.00538278507967,0.0484208319814,0
0.182100887885,-0.21080323114,-0.00441436844004,0.339400594109,1
0.177884823262,-0.0156187466412,0.00237364344213,0.0453288998679,1
0.177572448329,0.179469087518,0.00328022143949,-0.246604176484,0
0.18116183008,-0.015699558267,-0.00165186209018,0.047111600579,1
0.180847838914,0.17944604049,-0.0007096300786,-0.246092045428,0
0.184436759724,-0.0156657683377,-0.00563147098715,0.0463669628984,0
0.184123444357,-0.210706516954,-0.00470413172918,0.337267803053,1
0.179909314018,-0.0155179406811,0.00204122433188,0.0431051684844,1
0.179598955205,0.179574680697,0.00290332770157,-0.248933034393,0
0.183190448819,-0.0155886123598,-0.00207533298628,0.04466424852,1
0.182878676571,0.179563036546,-0.00118204801588,-0.248672741909,0
0.186469937302,-0.0155420137569,-0.00615550285406,0.0436371070533,0
0.186159097027,-0.210575159009,-0.005282760713,0.334371576152,1
0.181947593847,-0.0153784214979,0.00140467081005,0.0400274310493,1
0.181640025417,0.179723358741,0.00220521943104,-0.252211977511,0
0.185234492592,-0.015430012154,-0.00283902011918,0.0411657010476,1
0.184925892349,0.179732534758,-0.00201570609823,-0.252411610352,0
0.188520543044,-0.0153605756557,-0.00706393830526,0.0396348435691,0
0.188213331531,-0.210380521821,-0.00627124143388,0.330080683749,1
0.184005721094,-0.0151698625315,0.000330372241105,0.0354267199022,1
0.183702323844,0.179947349513,0.00103890663915,-0.257151952756,0
0.187301270834,-0.0151894187019,-0.00410413241596,0.0358584801018,0
0.18699748246,-0.210252276056,-0.00338696281393,0.327243690379,1
0.182792436939,-0.0150822688832,0.00315791099365,0.0334945936264,1
0.182490791561,0.179994254684,0.00382780286617,-0.258190308401,0
0.186090676655,-0.0151821340999,-0.00133600330185,0.0356975012682,1
0.185787033973,0.179958950192,-0.000622053276481,-0.257406648793,0
0.189386212977,-0.0151541145617,-0.00577018625234,0.0350800080623,0
0.189083130685,-0.210192846478,-0.00506858609109,0.325936810238,1
0.184879273756,-0.0149990978079,0.00145015011366,0.0316597902725,1
0.1845792918,0.180102027563,0.00208334591911,-0.260565246086,0
0.188181332351,-0.0150496018247,-0.00312795900262,0.032774065986,0
0.187880340315,-0.210126557448,-0.00247247768289,0.324468449481,1
0.183677809166,-0.0149694886715,0.00401689130673,0.031006833386,1
0.183378419392,0.180094628536,0.00463702797445,-0.26040601898,0
0.186980311963,-0.0150932096339,-0.000571092405156,0.0337358719189,1
0.18667844777,0.180036926594,0.000103625033221,-0.25912718585,0
0.190279186302,-0.0150865038185,-0.00507891868378,0.0335884239569,0
0.189977456226,-0.210135254609,-0.00440715020464,0.324664580955,1
0.185774751134,-0.0149508298304,0.00208614141445,0.0305950891128,1
0.185475734537,0.180141142936,0.00269804319671,-0.261428908127,0
0.189078557396,-0.0150192181334,-0.00253053496584,0.032103791721,0
0.188778173033,-0.210104789069,-0.00188845913142,0.323987234701,1
0.184576077252,-0.0149559989624,0.0045912855626,0.0307093648519,1
0.184276957272,0.180099810795,0.00520547285963,-0.260521432758,0
0.187878953488,-0.0150960614787,-4.95579552321e-06,0.033798810861,1
0.187577032259,0.180025960808,0.000671020421697,-0.25888567957,0
0.191177551475,-0.0151055635182,-0.0045066931697,0.034008821013,0
0.190875440204,-0.210162598247,-0.00382651674944,0.325266438557,1
0.18667218824,-0.0149863737844,0.0026788120217,0.0313792520426,1
0.186372460764,0.180097059674,0.00330639706255,-0.26045727841,0
0.189974401957,-0.0150719348245,-0.00190274850565,0.0332666920764,1
0.189672963261,0.180077250776,-0.00123741466412,-0.260015964151,0
0.193274508276,-0.0150270138845,-0.00643773394714,0.032276408964,0
0.192973967999,-0.210056056251,-0.00579220576786,0.322921229679,1
0.188772846874,-0.0148521066392,0.00066621882572,0.0284173180415,1
0.188475804741,0.180260284218,0.00123456518655,-0.264055334975,0
0.192081010425,-0.0148792667111,-0.00404654151294,0.0290167304257,0
0.191783425091,-0.20994295485,-0.00346620690443,0.320420187127,1
0.187584565994,-0.0147718123183,0.0029421968381,0.0266461692141,1
0.187289129748,0.180307822211,0.00347512022238,-0.265107011424,0
0.190895286192,-0.014863556176,-0.0018270200061,0.0286699717118,1
0.190598015068,0.180284547997,-0.00125362057187,-0.264588839577,0
0.194203706028,-0.0148194876744,-0.00654539736341,0.0276984196142,0
0.193907316275,-0.209846964534,-0.00599142897112,0.318309035284,1
0.189710376984,-0.0146401944865,0.000374751734552,0.0237426661529,1
0.189417573094,0.180476380446,0.00084960505761,-0.268821998687,0
0.193027100703,-0.0146576851414,-0.00452683491614,0.0241287779109,0
0.192733947,-0.209714425909,-0.00404425935792,0.315380006287,1
0.188539658482,-0.0145351007589,0.00226334076782,0.0214244038176,1
0.188248956467,0.18055431884,0.00269182884417,-0.270543554424,0
0.191860042844,-0.014605941266,-0.00271904224431,0.0229871718707,0
0.191567924019,-0.209688793502,-0.0022592988069,0.314810971077,1
0.187374148149,-0.0145347320789,0.00403692061464,0.0214163927707,1
0.187083453507,0.180529093625,0.00446524847005,-0.269990110175,0
0.190694035379,-0.0146562926315,-0.000934553733456,0.0240978291329,0
0.190400909527,-0.209764829051,-0.000452597150798,0.316485747201,1
0.186205612946,-0.0146364340798,0.00587711779321,0.0236601211637,1
0.185912884264,0.180400742898,0.00635032021649,-0.26716272912,0
0.189520899122,-0.0148112605471,0.00100706563409,0.0275163534905,1
0.189224673911,0.180296234152,0.0015573927039,-0.264848662907,0
0.192830598594,-0.01484791111,-0.00373958055424,0.0283250732693,0
0.192533640372,-0.209916035096,-0.00317307908885,0.319825779188,1
0.18833531967,-0.0147490380186,0.0032234364949,0.0261438736531,1
0.18804033891,0.180326538562,0.00374631396796,-0.265520282325,0
0.191646869681,-0.0148486816707,-0.00156409167853,0.0283419073128,1
0.191349896048,0.180295664719,-0.000997253532273,-0.264834096989,0
0.194955809342,-0.014812038476,-0.00629393547205,0.0275341197851,0
0.194659568572,-0.209843167188,-0.00574325307635,0.318224613643,1
0.190462705229,-0.0146398896628,0.000621239196503,0.0237360192988,1
0.190169907435,0.180473146911,0.00109595958248,-0.268750834774,0
0.193779370374,-0.0146644275825,-0.00427905711301,0.0242775632305,0
0.193486081822,-0.209724752734,-0.0037935058484,0.315607333296,1
0.189291586767,-0.0145489717724,0.00251864081753,0.0217304803414,1
0.189000607332,0.180536769214,0.00295325042435,-0.270156723369,0
0.192611342716,-0.01462720086,-0.00244988404302,0.0234562094862,0
0.192318798699,-0.209713932938,-0.00198075985329,0.315365164242,1
0.18812452004,-0.0145638230126,0.00432654343154,0.0220582305786,1
0.18783324358,0.180495814903,0.00476770804311,-0.269256488011,0
0.191443159878,-0.0146938493224,-0.000617421717098,0.0249263815398,1
0.191149282892,0.180436950809,-0.000118894086302,-0.267951284841,0
-0.0124220686429,0.0188935459723,0.0132097538102,-0.0077932826332,0
-0.0120441977235,-0.176415336046,0.0130538881576,0.289028034741,0
-0.0155725044444,-0.371720978953,0.0188344488524,0.585799272932,0
-0.0230069240235,-0.567101603862,0.030550434311,0.884355230944,1
-0.0343489561007,-0.372407503368,0.0482375389299,0.601430785432,1
-0.0417971061681,-0.177992335226,0.0602661546385,0.324323587345,1
-0.0453569528726,0.016222031855,0.0667526263854,0.05123844386,0
-0.0450325122355,-0.179790424034,0.0677773952626,0.364213010695,1
-0.0486283207162,0.0143060972089,0.0750616554765,0.093648001085,1
-0.048342198772,0.20827641842,0.0769346154982,-0.174440797586,0
-0.0441766704036,0.0121425193241,0.0734457995465,0.141486272951,1
-0.0439338200171,0.206139933332,0.0762755250055,-0.127151685627,1
-0.0398110213505,0.400091015992,0.073732491293,-0.394829154679,0
-0.0318092010306,0.204004525152,0.0658359081994,-0.079840855164,1
-0.0277291105276,0.398123952328,0.0642390910961,-0.351047407674,1
-0.019766631481,0.592276327625,0.0572181429426,-0.622801970576,0
-0.00792110492853,0.396404086095,0.0447621035311,-0.312661472524,1
6.97679337039e-06,0.590860718156,0.0385088740806,-0.590898588532,0
0.0118241911565,0.39522137158,0.02669090231,-0.28633832088,1
0.0197286185881,0.589952704345,0.0209641358924,-0.570485087039,0
0.031527672675,0.394543123863,0.00955443415163,-0.271272120611,1
0.0394185351523,0.589527442423,0.0041289917394,-0.560926287969,0
0.0512090840007,0.394347787018,-0.00708953401997,-0.266945380387,0
0.0590960397411,0.199327731019,-0.0124284416277,0.0234930466014,1
0.0630825943615,0.394625692011,-0.0119585806957,-0.273085137753,0
0.0709751082017,0.199676397791,-0.0174202834507,0.0158021554686,1
0.0749686361575,0.395043788919,-0.0171042403414,-0.282325771089,0
0.0828695119359,0.200169930826,-0.0227507557631,0.00491385712552,1
0.0868729105524,0.395610647427,-0.0226524786206,-0.294859496618,0
0.094785123501,0.200818846012,-0.028549668553,-0.00940601629128,0
0.0988015004212,0.0061177227763,-0.0287377888788,0.274134191029,1
0.0989238548768,0.201637670611,-0.0232551050582,-0.0274723819472,1
0.102956608289,0.397085264109,-0.0238045526972,-0.327400886898,0
0.110898313571,0.20231016126,-0.0303525704351,-0.0423188842327,0
0.114944516796,0.00763630904552,-0.0311989481198,0.24063510721,1
0.115097242977,0.203189723023,-0.0263862459756,-0.0617232681009,0
0.119161037438,0.00845583371364,-0.0276207113376,0.222519230331,1
0.119330154112,0.203961460026,-0.023170326731,-0.0787468089229,0
0.123409383313,0.00917919632726,-0.0247452629095,0.20653669489,1
0.123592967239,0.204646100252,-0.0206145290117,-0.0938482630374,0
0.127685889244,0.0098255876715,-0.0224914942724,0.19226017273,1
0.127882400998,0.205261947238,-0.0186462908178,-0.107432162919,0
0.131987639942,0.0104120956535,-0.0207949340762,0.179310114437,1
0.132195881855,0.205825356232,-0.0172087317875,-0.119859671906,0
0.13631238898,0.0109541357146,-0.0196059252256,0.167344760565,1
0.136531471694,0.206351161836,-0.0162590300143,-0.131458221327,0
0.140658494931,0.0114658430553,-0.0188881944408,0.156051174142,1
0.140887811792,0.206853065568,-0.015767170958,-0.142530179832,0
0.145024873103,0.0119604336,-0.0186177745546,0.145137074409,1
0.145264081775,0.207343991812,-0.0157150330664,-0.153360780776,0
0.149410961612,0.0124505409937,-0.018782248682,0.134323268144,1
0.149659972432,0.207836420368,-0.0160957833191,-0.16422551376,0
0.153816700839,0.012948536974,-0.0193802935943,0.123336488357,1
0.154075671578,0.208342703501,-0.0169135638272,-0.175397170883,0
0.158242525648,0.0134668423881,-0.0204215072448,0.111902460193,1
0.158511862496,0.208875374963,-0.018183458041,-0.187152727039,0
0.162689369995,0.0140182360014,-0.0219265125817,0.0997390202581,1
0.162969734716,0.209447458142,-0.0199317321766,-0.19978022628,0
0.167158683878,0.0146161681325,-0.0239273367022,0.0865491183414,0
0.167451007241,-0.180154778174,-0.0221963543354,0.3715879437,1
0.163847911678,0.0152753628567,-0.0147645954614,0.071989749969,1
0.164153418935,0.210605839125,-0.013324800462,-0.225314662822,0
0.168365535717,0.0156768347546,-0.0178310937184,0.0631355114274,0
0.168679072412,-0.179184983148,-0.0165683834899,0.350139708824,1
0.165095372749,0.0161686342877,-0.00956558931338,0.0522786199495,1
0.165418745435,0.211426428941,-0.00852001691439,-0.243406912864,0
0.169647274014,0.0164272045682,-0.0133881551717,0.0465764527456,0
0.169975818105,-0.178500235808,-0.0124566261168,0.335005409177,1
0.166405813389,0.0167967620888,-0.00575651793323,0.0384204864834,1
0.166741748631,0.212000786781,-0.00498810820356,-0.256073106063,0
0.170981764366,0.016950407139,-0.0101095703248,0.0350323258573,0
0.171320772509,-0.178025121995,-0.00940892380768,0.324508511265,1
0.167760270069,0.0172295276106,-0.00291875358239,0.0288733180813,1
0.168104860622,0.212393213761,-0.00234128722076,-0.264729076513,0
0.172352724897,0.0173047580739,-0.00763586875102,0.027214467153,0
0.172698820058,-0.17770686142,-0.00709157940796,0.317478445005,1
0.16914468283,0.0175153743123,-0.000742010507847,0.0225675478735,1
0.169494990316,0.212647958815,-0.000290659550377,-0.270349399372,0
0.173747949492,0.0175301565585,-0.00569764753782,0.0222418377422,0
0.174098552624,-0.177509623292,-0.00525281078298,0.313121659508,1
0.170548360158,0.0176867630025,0.00100962240718,0.0187868001858,1
0.170902095418,0.212794220565,0.0013853584109,-0.27357740806,0
0.175157979829,0.0176525298649,-0.0040861897503,0.0195421423427,1
0.175511030426,0.212832842395,-0.00369534690344,-0.274427218712,0
0.179767687274,0.0177638107758,-0.00918389127769,0.0170879013645,0
0.18012296349,-0.177225236684,-0.0088421332504,0.306859111964,1
0.176578458756,0.0180215878519,-0.00270495101113,0.0114007705678,0
0.176938890513,-0.177061466502,-0.00247693559977,0.30322902694,1
0.173397661183,0.0180956976503,0.00358764493903,0.00976596038685,1
0.173759575136,0.213166013851,0.00378296414676,-0.281782865476,0
0.178022895413,0.0179903073277,-0.00185269316275,0.0120907882754,1
0.17838270156,0.213138779541,-0.00161087739724,-0.281176109141,0
0.18264547715,0.0180398434146,-0.00723439958007,0.0109983175974,0
0.183006274019,-0.176977613595,-0.00701443322812,0.301389953317,1
0.179466721747,0.0182436071284,-0.000986634161774,0.00650309974077,1
0.179831593889,0.213379694177,-0.000856572166958,-0.286490958762,0
0.184099187773,0.0182699693341,-0.0065863913422,0.00592168894906,0
0.18446458716,-0.176756907309,-0.00646795756322,0.296519273603,1
0.180929449013,0.0184566489357,-0.000537572091165,0.00180349794137,1
0.181298581992,0.213586305596,-0.000501502132338,-0.291048990945,0
0.185570308104,0.0184715087951,-0.00632248195124,0.00147572583228,0
0.18593973828,-0.176559200771,-0.00629296743459,0.292157145805,1
0.182408554265,0.0186519087422,-0.000449824518488,-0.00250384071741,1
0.182781592439,0.213780308211,-0.000499901332836,-0.295328658713,0
0.187057198604,0.0186654873373,-0.00640647450709,-0.00280343495728,0
0.18743050835,-0.176364002533,-0.00646254320623,0.287851305813,1
0.1839032283,0.0188495094697,-0.000705517089974,-0.00686282194832,0
0.184280218489,-0.176262316532,-0.00084277352894,0.285597422208,1
0.180754972159,0.0188716440815,0.00486917491523,-0.00735119015175,1
0.18113240504,0.213923427195,0.00472215111219,-0.298493864719,0
0.185410873584,0.0187344833692,-0.00124772618218,-0.00432540605256,1
0.185785563251,0.213874306538,-0.00133423430323,-0.297401744359,0
0.190063049382,0.0187714004497,-0.00728226919042,-0.00513991048503,0
0.190438477391,-0.176245359533,-0.00738506740012,0.285236504789,1
0.186913570201,0.0189811352505,-0.00168033730434,-0.00976644187651,0
0.187293192906,-0.176116677368,-0.00187566614187,0.282385844967,1
0.183770859358,0.0190319774296,0.00377205075746,-0.0108880678336,1
0.184151498907,0.214099629787,0.00355428940079,-0.302378484458,0
0.188433491503,0.018927202746,-0.00249328028837,-0.00857673421766,0
0.188812035557,-0.176158902776,-0.00266481497272,0.283318490863,1
0.185288857502,0.0190009555185,0.00300155484454,-0.0102037118458,1
0.185668876612,0.214079732013,0.00279748060762,-0.301938102642,0
0.189950471253,0.0189180216078,-0.00324128144523,-0.00837422429447,0
0.190328831685,-0.176157295481,-0.00340876593112,0.283284279182,1
0.186805685775,0.0190131092334,0.00225691965252,-0.0104718022706,1
0.18718594796,0.214102620562,0.0020474836071,-0.302441790156,0
0.191468000371,0.0189515480926,-0.00400135219602,-0.00911383527409,0
0.191847031333,-0.176112790296,-0.0041836289015,0.282303935551,1
0.188324775527,0.0190685843353,0.00146244980952,-0.0116955475509,1
0.188706147214,0.214169531577,0.0012285388585,-0.303916695368,0
0.192989537845,0.0190300935877,-0.00484979504885,-0.0108465689439,0
0.193370139717,-0.176021970436,-0.00506672642773,0.280302252151,1
0.189849700308,0.0191718887805,0.000539318615284,-0.0139743896578,1
0.190233138084,0.214286101333,0.000259830822129,-0.306487106258,0
0.19451886011,0.0191604485356,-0.00586991130304,-0.0137222466805,0
0.194902069081,-0.175876830863,-0.00614435623665,0.277102888287,1
0.191384532464,0.0193322376651,-0.000602298470912,-0.0175116165776,0
0.191771177217,-0.175781070716,-0.000952530802464,0.27498121717,1
0.188255555803,0.0193544579573,0.00454709354093,-0.0180019870672,1
0.188642644962,0.214410904442,0.00418705379958,-0.309246791157,0
0.192930863051,0.0192295464756,-0.00199788202355,-0.0152463303374,0
0.19331545398,-0.175863695742,-0.00230280863029,0.276805572024,1
0.189798180066,0.0192910331425,0.00323330281018,-0.0166027702732,1
0.190184000728,0.214366466039,0.00290124740472,-0.308263800725,0
0.194471330049,0.0192032960905,-0.00326402860977,-0.0146673123111,0
0.194855395971,-0.175871693129,-0.003557374856,0.276983990083,1
0.191337962108,0.0193008286333,0.00198230494566,-0.0168188061457,1
0.191723978681,0.214394295226,0.00164592882274,-0.308875633793,0
0.196011864586,0.0192489309023,-0.00453158385312,-0.0156740809504,0
0.196396843204,-0.175807739663,-0.00484506547212,0.275575639656,1
0.19288068841,0.019383001562,0.000666447320997,-0.0186314793367,1
0.193268348442,0.214495388839,0.000293817734262,-0.31110405976,0
0.197558256218,0.01936925282,-0.00592826346094,-0.0183284859524,0
0.197945641275,-0.175667180824,-0.00629483317999,0.272478124464,1
0.194432297658,0.0195440231921,-0.000845270690698,-0.0221835488893,0
0.194823178122,-0.17556579582,-0.00128894166848,0.270232565524,1
0.191311862206,0.0195745251367,0.00411570964199,-0.0228566215069,1
0.191703352709,0.214637212053,0.00365857721185,-0.314238158532,0
0.19599609695,0.0194633355603,-0.00262618595879,-0.0204036838186,0
0.196385363661,-0.175620855101,-0.00303425963516,0.271449495289,1
0.192872946559,0.0195442619747,0.00239473027061,-0.0221889036646,1
0.193263831798,0.214631788678,0.00195095219732,-0.314115304612,0
0.197556467572,0.0194821001718,-0.00433135389491,-0.0208177493566,0
0.197946109575,-0.17557746794,-0.00474770888205,0.270495444173,1
0.194434560216,0.019611910516,0.000662200001406,-0.0236811449009,1
0.194826798427,0.214724358923,0.000188577103389,-0.316155066556,0
0.199121285605,0.0195997221291,-0.00613452422774,-0.0234126749015,0
0.199513280048,-0.175433719488,-0.00660277772577,0.26732844405,1
0.196004605658,0.0197818393937,-0.00125620884477,-0.0274297137804,0
0.196400242446,-0.175322074365,-0.00180480312037,0.264856600641,1
0.192893800959,0.0198255902871,0.00349232889244,-0.0283950314246,1
0.193290312764,0.214897285469,0.00292442826395,-0.319974047219,0
0.197588258474,0.0197338081462,-0.00347505268043,-0.0263703023687,0
0.197982934637,-0.175338136125,-0.0040024587278,0.265214183842,1
0.194476171914,0.0198407121555,0.00130182494904,-0.0287284632789,0
0.194872986157,-0.175299883871,0.000727255683467,0.264364919152,1
0.19136698848,0.0198116794779,0.00601455406651,-0.0280885353231,1
0.191763222069,0.21484686366,0.00545278336005,-0.318867751849,0
0.196060159343,0.0196476786588,-0.00092457167694,-0.0244702168442,0
0.196453112916,-0.175461001194,-0.00141397601382,0.267920853811,1
0.192943892892,0.0196811009144,0.0039444410624,-0.0252077155456,1
0.19333751491,0.214746264041,0.00344028675149,-0.316643521365,0
0.197632440191,0.0195754800049,-0.00289258367581,-0.0228776354683,0
0.198023949791,-0.175504869608,-0.00335013638518,0.268891246353,1
0.194513852399,0.0196647305181,0.00202768854188,-0.0248464492403,1
0.194907147009,0.214757544325,0.00153075955707,-0.316888928332,0
0.199202297896,0.0196138232338,-0.00480701900958,-0.0237236465103,0
0.199594574361,-0.17543886221,-0.00528149193978,0.267438743141,1
0.196085797116,0.0197580649889,6.72829230302e-05,-0.026905315438,0
0.196480958416,-0.175364851054,-0.00047082338573,0.265798839143,1
0.192973661395,0.0197638168439,0.00484515339714,-0.0270325523326,1
0.193368937732,0.214815950973,0.00430450235048,-0.318182849796,0
0.197665256751,0.0196329574315,-0.00205915464543,-0.0241455520681,0
0.1980579159,-0.175459403224,-0.00254206568679,0.267886977466,1
0.194548727836,0.0196987345252,0.00281567386254,-0.0255966498165,1
0.194942702526,0.214780193708,0.00230374086621,-0.317389871613,0
0.1992383064,0.0196255057849,-0.00404405656604,-0.023981317309,0
0.199630816516,-0.175438217222,-0.00452368291222,0.267422925204,1
0.196122052171,0.0197480014663,0.000824775591856,-0.0266833653992,1
0.196517012201,0.214858115064,0.000291108283871,-0.319105952255,0
0.0292684111728,-0.0180696413087,-0.0260448756311,0.0365723437877,0
0.0289070183466,-0.212808610223,-0.0253134287554,0.320925401213,0
0.0246508461422,-0.407561099005,-0.0188949207311,0.60551919247,0
0.0164996241621,-0.602413802832,-0.00678453688174,0.892191299161,1
0.00445134810542,-0.407200480655,0.0110592891015,0.597383416571,0
-0.00369266150767,-0.602475427463,0.0230069574329,0.893529288935,1
-0.0157421700569,-0.407672937739,0.0408775432116,0.608166334369,1
-0.0238956288117,-0.213145602011,0.053040869899,0.328633735379,0
-0.0281585408519,-0.4089809493,0.0596135446065,0.637560345433,1
-0.0363381598379,-0.214738742027,0.0723647515152,0.364230604157,1
-0.0406329346784,-0.020715844123,0.0796493635984,0.0952146216709,1
-0.0410472515609,0.173179531986,0.0815536560318,-0.171314211659,0
-0.0375836609212,-0.0230092409456,0.0781273717986,0.145941057016,1
-0.0380438457401,0.170911990939,0.0810461929389,-0.12110740014,1
-0.0346256059213,0.364784887175,0.0786240449361,-0.387160674601,0
-0.0273299081778,0.168640017308,0.0708808314441,-0.0707606280037,1
-0.0239571078316,0.362677968817,0.069465618884,-0.340265193553,0
-0.0167035484553,0.166639927539,0.062660315013,-0.0265108575752,1
-0.0133707499045,0.360809921076,0.0621300978614,-0.29878417571,1
-0.006154551483,0.554993758064,0.0561544143473,-0.571243428796,0
0.00494532367828,0.359131174226,0.0447295457713,-0.261411921504,1
0.0121279471628,0.553587026296,0.0395013073412,-0.539657855887,0
0.0231996876887,0.357932704791,0.0287081502235,-0.234794946825,1
0.0303583417845,0.552632971103,0.024012251287,-0.518285969868,0
0.0414110012066,0.357181318071,0.0136465318896,-0.218134084114,1
0.048554627568,0.552105559873,0.00928385020736,-0.50648126615,0
0.0595967387655,0.356854027043,-0.00084577511563,-0.210887175591,1
0.0667338193063,0.551988060999,-0.00506351862744,-0.503836779689,0
0.0777735805263,0.356937838699,-0.0151402542212,-0.212753865048,0
0.0849123373003,0.162035587922,-0.0193953315222,0.075114939384,1
0.0881530490587,0.357430142453,-0.0178930327345,-0.223623636625,0
0.0953016519078,0.162568440242,-0.022365505467,0.0633618567313,1
0.0985530207126,0.358003799025,-0.0210982683324,-0.236292775032,0
0.105713096693,0.163189533227,-0.025824123833,0.0496611560983,1
0.108976887358,0.35867207667,-0.0248309007111,-0.251056339732,0
0.116150328891,0.163913348561,-0.0298520275057,0.033692160098,1
0.119428595862,0.359450387857,-0.0291781843037,-0.268257912499,0
0.126617603619,0.164756733828,-0.0345433425537,0.0150810916207,0
0.129912738296,-0.0298532322453,-0.0342417207213,0.296668172263,1
0.129315673651,0.165739698169,-0.028308357276,-0.00661434004247,0
0.132630467614,-0.0289650741238,-0.0284406440769,0.277004258793,1
0.132051166132,0.166550840252,-0.022900558901,-0.0245114326816,0
0.135382182937,-0.0282353383875,-0.0233907875547,0.260859048172,1
0.134817476169,0.167212572789,-0.0181736065912,-0.0391088853107,1
0.138161727625,0.36259035448,-0.0189557842974,-0.337469908377,0
0.145413534715,0.167743208088,-0.025705182465,-0.0508243636713,0
0.148768398876,-0.0270009069203,-0.0267216697384,0.233638813925,1
0.148228380738,0.168492455247,-0.0220488934599,-0.0673517778657,0
0.151598229843,-0.0263065543106,-0.0233959290172,0.218293863202,1
0.151072098757,0.169141892205,-0.0190300517532,-0.081676348987,0
0.154454936601,-0.0257021675503,-0.0206635787329,0.204942323669,1
0.15394089325,0.169709094303,-0.0165647322595,-0.0941866531303,0
0.157335075136,-0.025171568898,-0.0184484653221,0.193224428985,1
0.156831643758,0.170209363247,-0.0145839767424,-0.105220638972,0
0.160235831023,-0.0247005864402,-0.0166883895219,0.182825657044,1
0.159741819294,0.170656131437,-0.013031876381,-0.115074774024,0
0.163154941923,-0.0242766909112,-0.0153333718615,0.173468367588,1
0.162669408105,0.171061318502,-0.0118640045097,-0.124012037112,0
0.166090634475,-0.0238886717802,-0.014344245252,0.16490443297,1
0.165612861039,0.17143564766,-0.0110461565926,-0.132268968129,0
0.169041573992,-0.0235263463588,-0.0136915359552,0.156908677493,1
0.168571047065,0.171788929261,-0.0105533624053,-0.140061962094,0
0.17200682565,-0.0231802957111,-0.0133546016472,0.149272958764,1
0.171543219736,0.172130318376,-0.0103691424719,-0.147592974376,0
0.174985826104,-0.0228416213516,-0.0133210019594,0.141800739691,1
0.174528993677,0.172468552847,-0.0104849871656,-0.155054787532,0
0.177978364733,-0.0225017169725,-0.0135860829162,0.134302012062,1
0.177528330394,0.172812177772,-0.010900042675,-0.162635977449,0
0.180984573949,-0.0221520496885,-0.0141527622239,0.126588441913,1
0.180541532956,0.173169762022,-0.0116209933857,-0.170525707014,0
0.184004928196,-0.0217839454748,-0.015031507526,0.118468613292,1
0.183569249287,0.173550112132,-0.0126621352601,-0.178918469293,0
0.187040251529,-0.0213883736018,-0.016240504646,0.109743250512,1
0.186612484057,0.173962488695,-0.0140456396357,-0.188018898832,0
0.190091733831,-0.0209557249089,-0.0178060176124,0.10020029967,1
0.189672619333,0.174416830296,-0.015802011619,-0.198046769143,0
0.193160955939,-0.0204755787468,-0.0197629470018,0.0896097481101,0
0.192751444364,-0.21530876166,-0.0179707520396,0.375992523545,1
0.188445269131,-0.0199362336986,-0.0104509015687,0.0776979349671,1
0.188046544457,0.175333965774,-0.00889694286939,-0.218263877762,0
0.191553223772,-0.0196596811492,-0.0132622204246,0.0715993498749,1
0.191160030149,0.175649867653,-0.0118302334271,-0.225238187979,0
0.194673027502,-0.0193010257435,-0.0163349971867,0.0636896816756,0
0.194287006987,-0.214185010876,-0.0150612035532,0.35117438366,1
0.19000330677,-0.0188521465461,-0.00803771587999,0.0537804920567,1
0.189626263839,0.176384126738,-0.00696210603886,-0.241427521033,0
0.193153946374,-0.0186376851565,-0.0117906564595,0.0490512645323,0
0.192781192671,-0.213588601474,-0.0108096311689,0.337990940066,1
0.188509420641,-0.0183145106296,-0.00404981236755,0.0419189470186,0
0.188143130429,-0.213378155102,-0.00321143342718,0.333321372723,1
0.183875567327,-0.0182106429205,0.00345499402727,0.039627454261,1
0.183511354468,0.176861593933,0.00424754311249,-0.251963388368,0
0.187048586347,-0.0183207517956,-0.000791724654858,0.0420562630951,1
0.186682171311,0.176812543593,4.94006070445e-05,-0.250876355276,0
0.190218422183,-0.018310113035,-0.00496812649848,0.0418221530876,0
0.189852219922,-0.213360471438,-0.00413168343673,0.332933456802,1
0.185585010493,-0.0181799571053,0.00252698569931,0.0389504727416,1
0.185221411351,0.176905666184,0.00330599515415,-0.252934094875,0
0.188759524675,-0.0182633350734,-0.00175268674335,0.0407897679769,1
0.188394257973,0.176883705478,-0.000936891383816,-0.252445632884,0
0.191931932083,-0.0182248550749,-0.0059858040415,0.0399416334748,0
0.191567434981,-0.213260461154,-0.005186971372,0.330729985657,1
0.187302225758,-0.0180650602956,0.00142762834114,0.036415860367,1
0.186940924552,0.177036389424,0.00215594554848,-0.255816293391,0
0.190481652341,-0.0181162770941,-0.00296038031935,0.0375458735684,1
0.190119326799,0.177048000842,-0.00220946284799,-0.256069611086,0
0.193660286816,-0.0180423352086,-0.0073308550697,0.0359155971579,0
0.193299440112,-0.213058397383,-0.00661254312655,0.326276578036,1
0.189038272164,-0.017842926727,-8.70115658298e-05,0.0315157004714,1
0.18868141363,0.177280272173,0.000543302443598,-0.261194678171,0
0.192227019073,-0.0178494304209,-0.00468059111983,0.0316595634319,0
0.191870030465,-0.212903947998,-0.00404739985119,0.322862046107,1
0.187611951505,-0.0177245973333,0.00240984107095,0.0289054857899,1
0.187257459558,0.177362712439,0.00298795078675,-0.263016136577,0
0.190804713807,-0.0178017609627,-0.0022723719448,0.0306077229515,0
0.190448678587,-0.212891051522,-0.00166021748577,0.32257282648,1
0.186190857557,-0.0177454982925,0.00479123904384,0.0293667963328,1
0.185835947591,0.177307417001,0.0053785749705,-0.261800599503,0
0.189382095931,-0.0178908965303,0.000142562980435,0.0325739290427,1
0.189024278001,0.177229009985,0.000794041561289,-0.26006401424,0
0.1925688582,-0.0179042675517,-0.00440723872351,0.0328692579857,0
0.192210772849,-0.212962740757,-0.00374985356379,0.324158402233,1
0.187951518034,-0.0177875968837,0.00273331448086,0.0302952903831,1
0.187595766096,0.177295050605,0.00333922028852,-0.261523994297,0
0.191141667109,-0.0178744075144,-0.00189125959741,0.0322102896632,1
0.190784178958,0.177274614082,-0.00124705380415,-0.261068749205,0
0.19432967124,-0.017829513301,-0.00646842878825,0.0312205805841,0
0.193973080974,-0.212858109452,-0.00584401717657,0.321855649948,1
0.189715918785,-0.0176534268052,0.000593095822395,0.0273354947456,1
0.189362850249,0.177460013965,0.00113980571731,-0.265160244772,0
0.192912050528,-0.0176781869877,-0.00416339917814,0.0278819693282,0
0.192558486788,-0.212740185416,-0.00360575979158,0.319248395264,1
0.18830368308,-0.0175670669786,0.0027792081137,0.0254305296826,1
0.18795234174,0.177514918034,0.00328781870735,-0.266374231594,0
0.191502640101,-0.0176538030104,-0.00203966592452,0.0273438846386,0
0.191149564041,-0.212746444617,-0.00149278823175,0.319382576959,1
0.186894635149,-0.0176032650388,0.00489486330743,0.0262292541596,1
0.186542569848,0.177448149133,0.00541944839062,-0.264905278012,0
0.19009153283,-0.0177507328652,0.000121342830393,0.029482055219,1
0.189736518173,0.177369478013,0.000710983934773,-0.263162584152,0
0.193283907733,-0.0177626144975,-0.00455226774826,0.0297445098943,0
0.192928655443,-0.2128189886,-0.00395737755038,0.320987677322,1
0.188672275671,-0.0176409048385,0.00246237599605,0.027059378203,1
0.188319457575,0.177445647656,0.00300356356011,-0.264845625578,0
0.191868370528,-0.017719044432,-0.00229334895145,0.0287831384214,0
0.191513989639,-0.212808032563,-0.00171768618302,0.320741607072,1
0.187257828988,-0.0176616617849,0.00469714595842,0.027517483242,1
0.186904595752,0.177392615059,0.00524749562326,-0.263679748558,0
0.190452448053,-0.0178038423159,-2.60993479047e-05,0.0306536629186,1
0.190096371207,0.177318483173,0.000586973910466,-0.262037498423,0
0.193642740871,-0.0178118418696,-0.004653776058,0.0308305090379,0
0.193286504033,-0.212866747307,-0.00403716587724,0.322041493657,1
0.189029169087,-0.0176875391013,0.0024036639959,0.0280881436782,1
0.188675418305,0.177399859569,0.00296542686947,-0.26383543244,0
0.192223415496,-0.0177642929996,-0.00231128177933,0.0297813434656,0
0.191868129636,-0.212853022918,-0.00171565491002,0.321734140479,1
0.187611069178,-0.0177066820351,0.00471902789956,0.0285106576642,1
0.187256935537,0.177347278336,0.00528924105284,-0.26267963607,0
0.190803881104,-0.0178497712976,3.56483314372e-05,0.031666872374,1
0.190446885678,0.177271668689,0.000668985778917,-0.261004806811,0
0.193992319052,-0.0178598259103,-0.0045511103573,0.0318890513956,0
0.193635122534,-0.212916217347,-0.00391332932939,0.323132586635,1
0.189376798187,-0.017738761177,0.0025493224033,0.0292181282232,1
0.189022022963,0.17734653854,0.00313368496777,-0.262659370476,0
0.192568953734,-0.0178200028611,-0.00211950244176,0.0310103060996,1
0.192212553677,0.177332278898,-0.00149929631977,-0.262340592281,0
0.195759199255,-0.0177682388287,-0.00674610816538,0.0298690624339,0
0.195403834478,-0.21279280037,-0.0061487269167,0.320415907342,1
0.191147978471,-0.0175838255083,0.000259591230143,0.0258002658854,1
0.190796301961,0.177534402,0.000775596547852,-0.266800745694,0
0.194346990001,-0.0175986099535,-0.00456041836604,0.0261267095609,0
0.193995017801,-0.212654865217,-0.00403788417482,0.317367291609,1
0.189741920497,-0.0174756350914,0.00230946165736,0.0234136984227,1
0.189392407795,0.177613120285,0.00277773562582,-0.268539673123,0
0.192944670201,-0.0175483619145,-0.00259305783664,0.0250180740287,0
0.192593702963,-0.212633030659,-0.00209269635607,0.316881735192,1
0.18834104235,-0.0174813347446,0.00424493834778,0.0235395800227,1
0.187991415655,0.177579483687,0.00471572994824,-0.267801003328,0
0.191543005328,-0.0176094494438,-0.000640290118329,0.0263655603655,0
0.19119081634,-0.21272221255,-0.000112978911019,0.31884639975,1
0.186936372089,-0.0175986524353,0.00626394908397,0.0261278456459,1
0.18658439904,0.17743291118,0.00678650599689,-0.26457217146,0
0.190133057263,-0.0177852441486,0.00149506256769,0.0302435356839,1
0.18977735238,0.177315235143,0.00209993328137,-0.261967307954,0
0.193323657083,-0.0178366285396,-0.00313941287771,0.0313772220771,0
0.192966924513,-0.212913418613,-0.00251186843617,0.323067979324,1
0.18870865614,-0.0177557895507,0.00394949115032,0.0295939706939,1
0.188353540349,0.177309301513,0.0045413705642,-0.261840236486,0
0.191899726379,-0.0178771803991,-0.000695434165513,0.0322716255925,1
0.191542182772,0.177254736749,-5.0001653662e-05,-0.260630636979,0
0.195087277506,-0.0178665006516,-0.00526261439325,0.0320365182696,0
0.194729947493,-0.212912589691,-0.00462188402786,0.32305439898,1
0.1904716957,-0.0177251305142,0.00183920395175,0.0289175083122,1
0.190117193089,0.177370397101,0.002417554118,-0.263184562495,0
0.193664601031,-0.0177859784189,-0.00284613713191,0.0302599055494,0
0.193308881463,-0.212866999002,-0.00224093902092,0.322043488048,1
0.189051541483,-0.0177132079975,0.00419993074003,0.0286547010387,1
0.188697277323,0.177348262379,0.00477302476081,-0.262700147945,0
0.192244242571,-0.0178414932319,-0.00048097819809,0.0314844143545,1
0.191887412706,0.17728735215,0.000148710089,-0.261350227447,0
0.0257651263715,-0.0486287144102,0.0304031186601,-0.0195769637547,0
0.0247925520833,-0.244173189192,0.030011579385,0.282541335161,0
0.0199090882995,-0.43971007206,0.0356624060883,0.584536659939,0
0.0111148868583,-0.63531296041,0.047353139287,0.888236960466,1
-0.00159137234991,-0.440864552377,0.0651178784964,0.610807919623,1
-0.0104086633974,-0.246710318655,0.0773340368888,0.339324939757,1
-0.0153428697705,-0.0527690554399,0.084120535684,0.0719960696231,0
-0.0163982508793,-0.248989951195,0.0855604570764,0.38998892409,1
-0.0213780499032,-0.0551799640537,0.0933602355582,0.125461491543,1
-0.0224816491843,0.138489105903,0.0958694653891,-0.136368945234,1
-0.0197118670663,0.332116476714,0.0931420864844,-0.397333840965,0
-0.013069537532,0.135805025739,0.0851954096651,-0.0767988625264,1
-0.0103534370172,0.329608864502,0.0836594324146,-0.341433088678,1
-0.00376125972715,0.523447075123,0.076830770641,-0.606606314643,0
0.00670768177531,0.327339681161,0.0646986443482,-0.290746978171,1
0.0132544753985,0.521482298083,0.0588837047847,-0.562343483937,0
0.0236841213602,0.325585617586,0.047636835106,-0.251705932306,1
0.0301958337119,0.51999610702,0.0426027164599,-0.528990918702,0
0.0405957558523,0.324301510166,0.0320228980858,-0.223193961019,1
0.0470817860556,0.518951475738,0.0275590188654,-0.50560609394,0
0.0574608155704,0.323452222122,0.0174468969867,-0.204367241696,1
0.0639298600128,0.518320381148,0.0133595521527,-0.491495866317,0
0.0742962676358,0.323012556071,0.00352963482639,-0.194632680373,1
0.0807565187572,0.518083840207,-0.000363018781062,-0.486200073398,0
0.0911181955613,0.322967013368,-0.010087020249,-0.193631579944,1
0.0975775358287,0.518231794751,-0.0139596518479,-0.48947938496,0
0.107942171724,0.323309535647,-0.0237492395471,-0.20122848884,0
0.114408362437,0.12853515396,-0.0277738093239,0.0838690740662,1
0.116979065516,0.324043994649,-0.0260964278426,-0.217445535066,0
0.123459945409,0.129304632676,-0.0304453385439,0.0668925679968,1
0.126046038062,0.324849553545,-0.029107487184,-0.235238429931,0
0.132543029133,0.130155305714,-0.0338122557826,0.04812284225,0
0.135146135248,-0.0644658995629,-0.0328497989376,0.329948878683,1
0.133856817256,0.131107901815,-0.0262508213639,0.0270903425096,1
0.136478975293,0.326596281783,-0.0257090145137,-0.27375805426,0
0.143010900928,0.131850409801,-0.0311841755989,0.0107066029027,0
0.145647909124,-0.0628107614311,-0.0309700435409,0.293389735387,1
0.144391693896,0.132738741675,-0.0251022488331,-0.00889759781425,0
0.147046468729,-0.0620143822023,-0.0252802007894,0.275760767909,1
0.145806181085,0.133458955432,-0.0197649854312,-0.0247871373528,0
0.148475360194,-0.0613740541596,-0.0202607281783,0.261594767196,1
0.147247879111,0.134031165009,-0.0150288328344,-0.037409150219,1
0.149928502411,0.329365370714,-0.0157770158388,-0.334795680433,0
0.156515809825,0.134471471586,-0.0224729294474,-0.0471294651149,0
0.159205239257,-0.0603211450581,-0.0234155187497,0.238379195353,1
0.157998816356,0.135127358553,-0.0186479348427,-0.0615967258487,0
0.160701363527,-0.0597223276759,-0.0198798693596,0.225144811298,1
0.159506916973,0.135678021986,-0.0153769731337,-0.0737420937109,0
0.162220477413,-0.0592201455437,-0.0168518150079,0.214049943377,1
0.161036074502,0.13613862734,-0.0125708161404,-0.0839008070269,0
0.163758847049,-0.0588008913669,-0.0142488322809,0.204789644681,1
0.162582829221,0.136521896838,-0.0101530393873,-0.0923538108924,0
0.165313267158,-0.0584530688327,-0.0120001156051,0.197108621317,1
0.164144205781,0.136838452594,-0.00805794317877,-0.0993355184989,0
0.166880974833,-0.0581670920498,-0.0100446535488,0.190794292512,1
0.165717632992,0.137097106284,-0.00622876769851,-0.105040307701,0
0.168459575118,-0.0579350309918,-0.00832957385253,0.185670977292,1
0.167300874498,0.137305101681,-0.00461615430668,-0.109627928586,0
0.170046976532,-0.0577503980705,-0.0068087128784,0.181595059189,1
0.16889196857,0.137468315797,-0.00317681169461,-0.113227970213,0
0.171641334886,-0.0576079712819,-0.00544137109887,0.178451002788,1
0.170489175461,0.137591423679,-0.00187235104311,-0.115943510199,0
0.173241003934,-0.0575036498606,-0.00419122124709,0.176148116267,1
0.172090930937,0.137678031154,-0.000668258921743,-0.117854049227,1
0.17484449156,0.33280955075,-0.00302533990628,-0.410747731375,0
0.181500682575,0.137730619746,-0.0112402945338,-0.119020122566,0
0.18425529497,-0.0572284958562,-0.0136206969851,0.170095500059,1
0.183110725053,0.138085736271,-0.0102187869839,-0.126853033128,0
0.185872439778,-0.0568883435185,-0.0127558476465,0.16258854568,1
0.184734672908,0.138413871323,-0.00950407673287,-0.134091060954,0
0.187502950334,-0.0565706637748,-0.0121858979519,0.155578375952,1
0.186371537059,0.138723624121,-0.00907433043291,-0.14092387116,0
0.189146009541,-0.0562671960653,-0.0118928078561,0.148882500503,1
0.18802066562,0.139023021161,-0.00891515784605,-0.147528512446,0
0.190801126043,-0.0559701357486,-0.011865728095,0.142328577761,1
0.189681723328,0.1393197251,-0.00901915653976,-0.154074034002,0
0.19246811783,-0.0556719335341,-0.0121006372198,0.135749961732,1
0.19135467916,0.139621231765,-0.00938563798517,-0.160725840088,0
0.194147103795,-0.0553651033442,-0.0126001547869,0.128981443325,1
0.193039801728,0.139935060251,-0.0100205259204,-0.1676498949,0
0.195838502933,-0.0550420338738,-0.0133735238184,0.121855077717,1
0.194737662256,0.140268940833,-0.0109364222641,-0.175016884843,0
0.197543041072,-0.0546947992296,-0.0144367599609,0.114195992347,1
0.196449145088,0.14063100526,-0.012152840114,-0.183006442553,0
0.199261765193,-0.0543149640673,-0.0158129689651,0.105818070758,1
0.198175465912,0.141029983927,-0.0136966075499,-0.191811536625,0
0.20099606559,-0.0538933786068,-0.0175328382824,0.0965194055985,0
0.199918198018,-0.248759711515,-0.0156024501704,0.383619589248,1
0.194943003788,-0.0534197538602,-0.00793005838547,0.0860583824525,0
0.19387460871,-0.248427141214,-0.00620889073642,0.376228853402,1
0.188906065886,-0.0532175557512,0.00131568633161,0.0815947170853,1
0.187841714771,0.141885510457,0.00294758067332,-0.21067281726,0
0.19067942498,-0.0532784614367,-0.00126587567187,0.0829384563221,1
0.189613855752,0.141861612897,0.000392893454571,-0.210143588002,0
0.192451088009,-0.0532659538577,-0.00380997830546,0.0826632502128,1
0.191385768932,0.141910404794,-0.0021567133012,-0.211219293804,0
0.194223977028,-0.0531806435695,-0.00638109917728,0.0807825249362,0
0.193160364157,-0.248210542535,-0.00476544867856,0.371445386995,1
0.188196153306,-0.0530212146384,0.00266345906135,0.0772636830244,1
0.187135729013,0.142062453111,0.00420873272183,-0.214577724617,0
0.189976978076,-0.0531194147497,-8.28217705003e-05,0.0794298479393,1
0.188914589781,0.142003723647,0.00150577518829,-0.213279208253,0
0.191754664254,-0.0531397233599,-0.00275980897678,0.0798783281509,1
0.190691869786,0.142021681414,-0.00116224241376,-0.213674046978,0
0.193532303415,-0.0530836340494,-0.00543572335331,0.0786420293621,0
0.192470630734,-0.248127241698,-0.00386288276607,0.369605023821,1
0.1875080859,-0.052950619567,0.00352921771035,0.0757065902127,1
0.186449073508,0.142120559879,0.00504334951461,-0.215860768842,0
0.189291484706,-0.0530731265829,0.000726134137771,0.0784087757127,1
0.188230022174,0.142038407642,0.00229430965202,-0.214044965049,0
0.191070790327,-0.0531162695039,-0.00198658964896,0.0793608066659,1
0.190008464937,0.142034103683,-0.000399373515644,-0.213948232461,0
0.192849147011,-0.0530821354943,-0.00467833816486,0.0786086871538,0
0.191787504301,-0.248136709308,-0.00310616442179,0.369811919629,1
0.186824770115,-0.0529707636523,0.0042900739708,0.076151202532,1
0.185765354842,0.142089423971,0.00581309802144,-0.215175108505,0
0.188607143321,-0.0531151484647,0.00150959585134,0.0793358440745,1
0.187544840352,0.141985129711,0.00309631273283,-0.212870418721,0
0.190384542946,-0.0531809530882,-0.00116109564159,0.0807876166536,1
0.189320923884,0.141957623284,0.000454656691485,-0.212261412641,0
0.19216007635,-0.0531708254402,-0.00379057156134,0.0805648992568,1
0.191096659841,0.142005258401,-0.0021792735762,-0.213311548598,0
0.193936765009,-0.0530854678921,-0.00644550454816,0.0786831400202,0
0.192875055651,-0.248114429786,-0.00487184174775,0.369325540876,1
0.187912767056,-0.0529235976312,0.00251466906976,0.0751104514469,1
0.186854295103,0.142162213281,0.0040168780987,-0.216778027766,0
0.189697539368,-0.0530169306364,-0.000318682456632,0.0771692851406,1
0.188637200756,0.142109587654,0.00122470324618,-0.215614170073,0
0.191479392509,-0.0530298506213,-0.00308758015528,0.0774548304872,1
0.190418795496,0.142136226526,-0.00153848354554,-0.216200636947,0
0.193261520027,-0.0529636969923,-0.00586249628449,0.0759965880051,0
0.192202246087,-0.248001115921,-0.00434256452439,0.366824124968,1
0.187242223769,-0.0528177261569,0.00299391797497,0.0727750909159,1
0.186185869246,0.142261175678,0.00444941979328,-0.218961739819,0
0.189031092759,-0.0529240950296,7.01849969085e-05,0.0751213932388,1
0.187972610858,0.14219684995,0.00157261286168,-0.217539389121,0
0.190816547857,-0.0529475468823,-0.00277817492074,0.0756391921584,0
0.18975759692,-0.248029560548,-0.00126539107757,0.367444301011,1
0.184797005709,-0.0528896513307,0.00608349494265,0.074362646654,1
0.183739212682,0.142144560501,0.00757074787573,-0.216394721126,0
0.186582103892,-0.0530847975596,0.0032428534532,0.0786667022607,1
0.185520407941,0.141990516196,0.00481618749842,-0.212991332557,0
0.188360218265,-0.0531999606906,0.000556360847279,0.0812069407514,1
0.187296219051,0.141914010662,0.00218049966231,-0.211300400901,0
0.190134499264,-0.0532390491415,-0.00204550835571,0.0820695592947,1
0.189069718282,0.141912164392,-0.000404117169816,-0.211258027643,0
0.191907961569,-0.0532040064609,-0.00462927772268,0.0812973942931,1
0.19084388144,0.141983998512,-0.00300332983682,-0.212842478771,0
0.193683561411,-0.0530948848077,-0.00726017941224,0.0788915488578,0
0.192621663714,-0.248112010035,-0.00568234843509,0.369275053193,1
0.187659423514,-0.0529097845254,0.00170315262876,0.0748058406415,1
0.186601227823,0.142187708929,0.00319926944159,-0.217339248466,0
0.189444982002,-0.0529798305814,-0.00114751552773,0.0763511462101,1
0.18838538539,0.142158552348,0.000379507396469,-0.216693604957,0
0.191228556437,-0.0529688221209,-0.00395436470267,0.07610901084,0
0.190169179995,-0.248033861716,-0.00243218448587,0.367541702368,1
0.18520850276,-0.0528774345631,0.00491864956149,0.0740928659444,1
0.184150954069,0.142173658223,0.00640050688038,-0.217034156931,0
0.186994427234,-0.0530392038402,0.00205982374175,0.0776608744691,1
0.185933643157,0.142053158129,0.00361304123113,-0.214371459919,0
0.188774706319,-0.0531202605263,-0.000674387967247,0.0794489890219,1
0.187712301109,0.142011351754,0.000914591813191,-0.213446632887,0
0.190552528144,-0.0531236634478,-0.00335434084454,0.079524657452,1
0.189490054875,0.142046212191,-0.0017638476955,-0.214214683386,0
0.192330979119,-0.0530504774761,-0.00604814136323,0.0779113249283,0
0.191269969569,-0.248085205409,-0.00448991486466,0.368679923345,1
0.186308265461,-0.0528997464205,0.00288368360224,0.0745846554283,1
0.185250270533,0.142180745737,0.0043753767108,-0.217187064342,0
0.188093885447,-0.0530034792262,3.16354239645e-05,0.0768728273126,1
0.187033815863,0.142118018463,0.00156909197022,-0.21580011826,0
0.189876176232,-0.0530263293494,-0.00274691039499,0.0773773559673,0
0.188815649645,-0.248108794391,-0.00119936327565,0.369192358891,1
0.183853473757,-0.0529698225917,0.00618448390217,0.0761314990004,1
0.182794077305,0.142062925494,0.00770711388218,-0.214593801784,0
0.185635335815,-0.053168357864,0.0034152378465,0.0805102948503,1
0.184571968658,0.14190446934,0.0050254437435,-0.211093161508,0
0.187410058045,-0.0532889737093,0.000803580513347,0.0831707800959,1
0.186344278571,0.141821449199,0.00246699611526,-0.209258507128,0
0.189180707555,-0.0533356899113,-0.00171817402729,0.0842016068552,1
0.188113993756,0.141810848352,-3.41418901858e-05,-0.209022911383,0
0.190950210723,-0.0533106146618,-0.00421460011784,0.0836492452513,1
0.18988399843,0.141871496924,-0.00254161521281,-0.210360410653,0
0.192721428369,-0.0532140214877,-0.00674882342588,0.0815196877347,0
0.191657147939,-0.248238581452,-0.00511842967118,0.37206572665,1
0.18669237631,-0.0530442911915,0.00232288486181,0.0777733148198,1
0.185631490486,0.142044283264,0.0038783511582,-0.214175829835,0
0.188472376151,-0.053132900252,-0.000405165438492,0.0797279759894,1
0.187409718146,0.141994856776,0.0011893940813,-0.213082754164,0
0.190249615282,-0.0531440791938,-0.00307226100198,0.0799751245269,1
0.189186733698,0.142021778507,-0.00147275851144,-0.213675523742,0
0.192027169268,-0.0530790858688,-0.00574626898628,0.0785424645928,0
0.190965587551,-0.248118192357,-0.00417541969443,0.369406900467,1
0.186003223704,-0.0529371650743,0.00321271831492,0.075410341825,1
0.184944480402,0.142138581877,0.00472092515142,-0.216257230928,0
0.18778725204,-0.0530505396083,0.000395780532847,0.0779111354892,1
0.186726241247,0.142065735647,0.00195400324263,-0.214646894998,0
0.18956755596,-0.0530840964154,-0.00233893465733,0.0786517708537,1
0.188505874032,0.142071306193,-0.000765899240254,-0.214768178507,0
0.191347300156,-0.0530396870059,-0.00506126281039,0.0776730510979,0
0.190286506416,-0.248088717749,-0.00350780178843,0.368754844969,1
