-0.0185184728028,0.00745845935489,0.0394497802539,0.0490452802596,0
-0.0183693036157,-0.188206310399,0.0404306858591,0.353909309142,1
-0.0221334298237,0.00631812248059,0.0475088720419,0.0742444939711,0
-0.0220070673741,-0.189451587648,0.0489937619213,0.381530073282,1
-0.025796099127,0.00494168468014,0.056624363387,0.104688463449,1
-0.0256972654334,0.199208371567,0.058718132656,-0.169605863001,0
-0.0217130980021,0.0032972651961,0.0553260153959,0.141007555237,1
-0.0216471526982,0.197584980365,0.0581461665007,-0.133720548332,0
-0.0176954530909,0.00168043009281,0.055471755534,0.176724997113,1
-0.017661844489,0.195966455922,0.0590062554763,-0.0979554427091,1
-0.0137425153706,0.390195261432,0.0570471466221,-0.371453833638,0
-0.00593861014195,0.194311213955,0.0496180699494,-0.0613429775752,1
-0.00205238586286,0.388687932032,0.0483912103979,-0.33796749099,0
0.00572137277778,0.192911972361,0.0416318605781,-0.0304258582543,1
0.009579612225,0.387412936577,0.041023343413,-0.309688275935,1
0.0173278709565,0.581927111193,0.0348295778943,-0.589156578868,0
0.0289664131804,0.386335203392,0.0230464463169,-0.285708827819,1
0.0366931172482,0.581121018312,0.0173322697605,-0.571034904492,0
0.0483155376145,0.385760354158,0.00591157167068,-0.272942490843,1
0.0560307446976,0.580797457699,0.00045272185381,-0.563755042298,0
0.0676466938516,0.385669157088,-0.0108223789921,-0.270929521154,0
0.0753600769934,0.190703298299,-0.0162409694152,0.0183204235121,1
0.0791741429594,0.386054352536,-0.015874560945,-0.279442148116,0
0.0868952300101,0.191162411518,-0.0214634039073,0.00819200446026,1
0.0907184782405,0.386585497093,-0.0212995638181,-0.291184862461,0
0.0984501881823,0.191773624523,-0.0271232610673,-0.00529493482109,1
0.102285660673,0.387273850388,-0.0272291597638,-0.306410673356,0
0.110031137681,0.19255027965,-0.0333573732309,-0.0224379743389,0
0.113882143274,-0.00207780882398,-0.0338061327177,0.259536500246,1
0.113840587097,0.193510031801,-0.0286154027127,-0.0436147402958,0
0.117710787733,-0.00119014743817,-0.0294876975187,0.239904185012,1
0.117686984784,0.194340363136,-0.0246896138184,-0.0619322029423,0
0.121573792047,-0.0004190540199,-0.0259282578773,0.22285987764,1
0.121565410967,0.195063709707,-0.0214710603245,-0.0778877636366,0
0.125466685161,0.000256033495335,-0.0230288155972,0.207944390845,1
0.125471805831,0.195699580742,-0.0188699277803,-0.0919130701882,0
0.129385797446,0.000853108117045,-0.020708189184,0.194757175908,1
0.129402859608,0.196265063212,-0.0168130456659,-0.104385682726,0
0.133328160872,0.00138804192573,-0.0189007593204,0.18294573197,1
0.133355921711,0.196775269315,-0.015241844681,-0.115639253157,0
0.137291427097,0.00187498852914,-0.0175546297442,0.172196281322,1
0.137328926868,0.197243734458,-0.0141107041177,-0.125972480443,0
0.141273801557,0.00232674565935,-0.0166301537266,0.162225486168,1
0.14132033647,0.197682773778,-0.0133856440032,-0.135657075736,0
0.145273991945,0.00275508446074,-0.0160987855179,0.152773002119,1
0.145329093635,0.198103805156,-0.0130433254755,-0.144944946717,0
0.149291169738,0.003171052226,-0.0159422244099,0.143594681383,1
0.149354590782,0.198517646359,-0.0130703307822,-0.154074789882,0
0.153324943709,0.00358525528139,-0.0161518265799,0.134456253506,1
0.153396648815,0.198934793498,-0.0134627015097,-0.163278262885,0
0.157375344685,0.00400812856146,-0.0167282667674,0.125127323222,1
0.157455507256,0.199365687626,-0.014225720303,-0.172785896489,0
0.161442821009,0.00445019823906,-0.0176814382328,0.115375533436,1
0.161531824974,0.199820975937,-0.0153739275641,-0.182832896735,0
0.165528244492,0.00492234363507,-0.0190305854988,0.10496074641,1
0.165626691365,0.200311773735,-0.0169313705706,-0.193664982624,0
0.16963292684,0.0054360645433,-0.020804670223,0.0936290980902,1
0.169741648131,0.200849933149,-0.0189320882612,-0.205544402548,0
0.173758646794,0.00600376006291,-0.0230429763122,0.0811067790367,0
0.173878721995,-0.188780419562,-0.0214208407314,0.366431446689,1
0.170103113604,0.00663927791386,-0.0140922117977,0.0670719039399,1
0.170235899162,0.201960405445,-0.0127507737189,-0.230023669297,0
0.174275107271,0.00702295987949,-0.0173512471048,0.0586101034547,0
0.174415566468,-0.187845964778,-0.0161790450357,0.345768479588,1
0.170658647173,0.00750234886157,-0.00926367544395,0.0480279275675,0
0.17080869415,-0.187485551811,-0.0083031168926,0.337773747273,1
0.167058983114,0.00775356372247,-0.00154764194713,0.0424840806932,1
0.167214054388,0.202897673431,-0.000697960333265,-0.250686739864,0
0.171272007857,0.00778569614302,-0.00571169513055,0.04177595446,1
0.17142772178,0.202989083961,-0.00487617604136,-0.252703580361,0
0.175487503459,0.00793709868755,-0.00993024764857,0.0384373291548,0
0.175646245433,-0.187041055134,-0.00916150106547,0.327970695108,1
0.17190542433,0.00821011756908,-0.00260208716331,0.0324127833604,1
0.172069626681,0.203369287004,-0.0019538314961,-0.261089992509,0
0.176137012421,0.00827528107046,-0.00717563134627,0.0309760317247,0
0.176302518043,-0.186743036618,-0.00655611071178,0.321386359704,1
0.172567657311,0.0084716615205,-0.000128383517697,0.0266431228573,1
0.172737090541,0.203595453623,0.00040447893945,-0.266080307639,0
0.176808999613,0.0084677318585,-0.00491712721333,0.0267301678706,0
0.176978354251,-0.186583360057,-0.00438252385591,0.317857639196,1
0.173246687049,0.00860073588158,0.00197462892801,0.0237958489995,1
0.173418701767,0.203694313536,0.002450545908,-0.268263406429,0
0.177492588038,0.00853747584776,-0.00291472222059,0.0251914309164,1
0.177663337555,0.203701105089,-0.00241089360226,-0.268409696541,0
0.181737359657,0.00861364299459,-0.00777908753307,0.0235118441227,0
0.181909632516,-0.186395889963,-0.00730885065062,0.3137302643,1
0.178181714717,0.0088294122353,-0.00103424536462,0.0187513496072,1
0.178358302962,0.203966180409,-0.000659218372473,-0.274257714188,0
0.18243762657,0.00885364117136,-0.00614437265623,0.0182172208883,0
0.182614699393,-0.186179656199,-0.00578002823846,0.308955210402,1
0.178891106269,0.00902417179594,0.000399075969576,0.014455040689,1
0.179071589705,0.20414039749,0.000688176783355,-0.278101946215,0
0.183154397655,0.00900863549946,-0.00487386214094,0.0147979514209,0
0.183334570365,-0.186043080529,-0.00457790311252,0.305939140652,1
0.179613708755,0.0091438062618,0.00154087970052,0.0118159795743,1
0.17979658488,0.204243625362,0.00177719929201,-0.280380383202,0
0.183881457387,0.00909636796027,-0.00383040837203,0.0128625369465,0
0.184063384746,-0.185970441338,-0.0035731576331,0.304334467069,1
0.18034397592,0.00920224855319,0.00251353170828,0.0105267950161,1
0.180528020891,0.204288062289,0.00272406760861,-0.281362023653,0
0.184613782136,0.00912736050193,-0.00290317286445,0.0121788177657,1
0.184796329346,0.204290826455,-0.00265959650914,-0.2814186791,0
0.188882145876,0.00920691303814,-0.00828797009113,0.010424235637,0
0.189066284136,-0.1857952028,-0.00807948537839,0.300480728053,1
0.18535038008,0.0094409708209,-0.00206987081733,0.00526068319478,0
0.185539199497,-0.185651234403,-0.00196465715343,0.297289822561,1
0.181826174809,0.00949866828264,0.00398113929778,0.0039879246413,1
0.182016148174,0.204563298585,0.00406089779061,-0.2874362502,0
0.186107414146,0.00938367162664,-0.0016878272134,0.0065246768951,1
0.186295087579,0.204529787965,-0.0015573336755,-0.286690301634,0
0.190385683338,0.0094300808983,-0.00729113970818,0.00550104817061,0
0.190574284956,-0.185586550065,-0.00718111874477,0.29587464315,1
0.186862553955,0.00963703543081,-0.00126362588176,0.000935584644292,0
0.187055294663,-0.18546677077,-0.00124491418888,0.293219554386,1
0.183345959248,0.00967290776943,0.00461947689883,0.000144258722204,1
0.183539417403,0.204728305309,0.00462236207328,-0.291077594417,0
0.187633983509,0.00954075082953,-0.00119918981505,0.00305957910169,1
0.187824798526,0.204679879625,-0.00113799823302,-0.290001465347,0
0.191918396118,0.00957417406738,-0.00693802753996,0.00232233207901,0
0.1921098796,-0.185447592026,-0.00689158089838,0.292808176806,1
0.188400927759,0.00977193656538,-0.00103541736226,-0.00204027105375,0
0.188596366491,-0.185335149963,-0.00107622278333,0.29031578921,1
0.184889663491,0.00980213082069,0.00473009300088,-0.00270637188906,1
0.185085706108,0.204855927309,0.00467596556309,-0.293893151403,0
0.189182824654,0.0096676231739,-0.00120189746496,0.000260832877789,1
0.189376177117,0.204806790719,-0.0011966808074,-0.292801064792,0
0.193472312932,0.00970192198906,-0.00705270210325,-0.000495795319866,0
0.193666351371,-0.185318176742,-0.00706261800965,0.289953600264,1
0.189959987837,0.0099037675893,-0.00126354600436,-0.00494840535885,0
0.190158063188,-0.185200039789,-0.00136251411154,0.287335589662,1
0.186454062393,0.00994131559756,0.00438419768171,-0.00577675074021,1
0.186652888705,0.20500011762,0.0042686626669,-0.297073191843,0
0.190752891057,0.00981757603692,-0.00167280116996,-0.0030470638373,0
0.190949242578,-0.185280344879,-0.0017337424467,0.289107604771,1
0.18724363568,0.00986628639631,0.00404840964871,-0.00412162222854,1
0.187440961408,0.204929944271,0.00396597720414,-0.295524482095,0
0.191539560294,0.00975167827964,-0.00194451243775,-0.00159339132801,0
0.191734593859,-0.185342331885,-0.00197638026431,0.290475384366,1
0.188027747221,0.00980774497869,0.00383312742301,-0.00283021464541,1
0.188223902121,0.204874514397,0.0037765231301,-0.294301282505,0
0.192321392409,0.00969892562087,-0.00210950252001,-0.000429691891938,1
0.192515370921,0.20485106656,-0.00211809635785,-0.293777445262,0
0.196612392253,0.0097593775495,-0.00799364526308,-0.00176328804357,0
0.196807579804,-0.185247026276,-0.00802891102395,0.288386865622,1
0.193102639278,0.0099884940083,-0.00226117371151,-0.00681745017386,0
0.193302409158,-0.185100955898,-0.00239752271499,0.285151192076,1
0.18960039004,0.0100551069018,0.00330550112653,-0.00828693179282,1
0.189801492178,0.205129497006,0.00313976249068,-0.299925102802,0
0.193904082118,0.00996293361953,-0.00285873956536,-0.00625361204592,0
0.194103340791,-0.185117902769,-0.00298381180628,0.285525978543,1
0.190400982735,0.0100464759626,0.00272670776458,-0.00809652574451,1
0.190601912255,0.205129216442,0.00256477724969,-0.299917897554,0
0.194704496583,0.00997080173534,-0.00343358070139,-0.00642719463501,0
0.194903912618,-0.18510173916,-0.00356212459409,0.285170421115,1
0.191201877835,0.0100708338872,0.0021412838282,-0.00863384350476,1
0.191403294513,0.205162010761,0.0019686069581,-0.300640400967,0
0.195506534728,0.0100120558393,-0.00404420106123,-0.00733726572791,0
0.195706775845,-0.185051663022,-0.00419094637579,0.284066927915,1
0.192005742584,0.0101298110219,0.0014903921825,-0.00993484665318,1
0.192208338805,0.205230356302,0.00129169524944,-0.302147164405,0
0.196312945931,0.0100900191724,-0.00475124803867,-0.00905714460399,0
0.196514746314,-0.184963471419,-0.00493239093075,0.282122927217,1
0.192815476886,0.0102284858834,0.000710067613584,-0.0121115642558,0
0.193020046603,-0.184903641441,0.000467836328468,0.280795312803,1
0.189321973775,0.0102116331846,0.00608374258452,-0.0117400232311,1
0.189526206438,0.20524580942,0.0058489421199,-0.302497264372,0
0.193631122627,0.0100409885,-0.000201003167542,-0.00797546228459,1
0.193831942397,0.20516582181,-0.000360512413234,-0.300721801267,0
0.197935258833,0.0100490109136,-0.00637494843858,-0.00815259458983,0
0.198136239051,-0.184980937162,-0.00653800033038,0.28251216089,1
0.194436620308,0.0102336562233,-0.000887757112578,-0.0122256292125,0
0.194641293432,-0.184875552145,-0.00113226969683,0.280177067457,1
0.19094378239,0.0102625324454,0.00447127165231,-0.012862759018,1
0.191149033038,0.205320075325,0.00421401647195,-0.304131599124,0
0.195255434545,0.0101383235395,-0.00186861551052,-0.0101226537848,0
0.195458201016,-0.184956779403,-0.00207106858622,0.281970117075,1
0.191759065428,0.0101946519887,0.00356833375528,-0.0113652959408,1
0.191962958467,0.205265247221,0.00334102783647,-0.302920238017,0
0.196068263412,0.0100958396337,-0.00271737692388,-0.00918550020729,0
0.196270180205,-0.184987035436,-0.00290108692802,0.282638824177,1
0.192570439496,0.0101761750959,0.00275168955551,-0.0109576780678,1
0.192773962998,0.2052585555,0.00253253599415,-0.302771145123,0
0.196879134108,0.0101006022463,-0.00352288690832,-0.009290589225,0
0.197081146153,-0.18497064919,-0.00370869869282,0.28227874559,1
0.193381733169,0.0102040049752,0.00193687621899,-0.011571577187,1
0.193585813268,0.205298125325,0.00170544467525,-0.303642767539,0
0.197691775775,0.0101519105161,-0.00436741067553,-0.0104224705277,0
0.197894813985,-0.184907134664,-0.00457586008608,0.280879292133,1
0.194196671292,0.0102797889304,0.00104172575658,-0.0132433262444,1
0.194402267071,0.205386784975,0.00077685923169,-0.305597394197,0
0.19851000277,0.0102537718596,-0.00533508865226,-0.0126695662571,0
0.198715078207,-0.184791262458,-0.0055884799774,0.278325312906,1
0.195019252958,0.010409965654,-2.1973719288e-05,-0.0161149615719,0
0.195227452271,-0.184711670429,-0.000344272950725,0.276561032208,1
0.191533218863,0.0104151907861,0.00518694769344,-0.0162304585143,1
0.191741522678,0.205462372283,0.00486233852316,-0.30727233926,0
0.195850770124,0.0102714746606,-0.00128310826204,-0.0130599320034,0
0.196056199617,-0.184832051639,-0.0015443069021,0.279217882812,1
0.192359558584,0.0103118956511,0.00404005075413,-0.0139517151258,1
0.192565796497,0.205375675066,0.00376101645161,-0.305357224686,0
-0.0428365888841,-0.0323779963474,-0.00420271877268,-0.00107898101424,0
-0.0434841488111,-0.227439423047,-0.00422429839297,0.290274979353,0
-0.048032937272,-0.42250088493,0.00158120119409,0.581622621537,0
-0.0564829549706,-0.617644955301,0.0132136536248,0.874803234127,0
-0.0688358540767,-0.812944027435,0.0307097183074,1.17161096931,1
-0.0850947346254,-0.618234533874,0.0541419376936,0.888711677226,1
-0.0974594253028,-0.423887486924,0.0719161712381,0.613528230848,1
-0.105937175041,-0.229840286517,0.0841867358551,0.344334939325,1
-0.110533980772,-0.0360105539436,0.0910734346416,0.0793417187526,0
-0.111254191851,-0.232312055204,0.0926602690166,0.399312257117,1
-0.115900432955,-0.0386183386753,0.100646514159,0.137221222706,1
-0.116672799728,0.154928794709,0.103390938613,-0.122090140464,0
-0.113574223834,-0.041510785751,0.100949135804,0.201338533836,1
-0.114404439549,0.152033379364,0.104975906481,-0.0578710395932,1
-0.111363771962,0.345505769119,0.103818485689,-0.315675788256,1
-0.104453656579,0.53900750353,0.0975049699235,-0.573897748622,0
-0.0936735065087,0.342663470218,0.0860270149511,-0.252159544445,1
-0.0868202371043,0.536458392765,0.0809838240622,-0.516516177766,0
-0.076091069249,0.340295071509,0.0706535005069,-0.199452326027,1
-0.0692851678188,0.534339097647,0.0666644539863,-0.469037327286,1
-0.0585983858659,0.728459079932,0.0572837074406,-0.73998568102,0
-0.0440292042673,0.532594954457,0.0424839938202,-0.429839194948,1
-0.0333773051781,0.727090340955,0.0338872099213,-0.708832494992,0
-0.018835498359,0.531515804357,0.0197105600214,-0.405678180931,0
-0.00820518227187,0.336119966462,0.0115969964028,-0.106846827185,1
-0.00148278294262,0.531073825449,0.00946005985908,-0.395848510811,1
0.00913869356635,0.726060283056,0.00154308964287,-0.685533893801,0
0.0236598992275,0.530916943205,-0.0121675882331,-0.392365564345,0
0.0342782380916,0.335969760055,-0.02001489952,-0.103543618503,1
0.0409976332927,0.531372741362,-0.0220857718901,-0.402473371744,0
0.0516250881199,0.336570891028,-0.030135239325,-0.116834547943,0
0.0583565059405,0.14189339253,-0.0324719302839,0.166190695643,1
0.0611943737911,0.337464752991,-0.029148116371,-0.136556766823,0
0.0679436688509,0.142772161452,-0.0318792517075,0.146789736498,1
0.0707991120799,0.338335790391,-0.0289434569775,-0.155777570557,0
0.0775658278878,0.143639944695,-0.0320590083887,0.127635692216,1
0.0804386267817,0.339206142393,-0.0295062945443,-0.174986601988,0
0.0872227496295,0.144518626498,-0.0330060265841,0.108243964837,1
0.0901131221595,0.340097627172,-0.0308411472873,-0.194666763215,0
0.0969150747029,0.145430106901,-0.0347344825517,0.0881297959031,1
0.0998236768409,0.341032277028,-0.0329718866336,-0.215306368445,0
0.106644322381,0.146396834449,-0.0372780140025,0.0667961336944,0
0.10957225907,-0.0481713780097,-0.0359420913286,0.347488491604,1
0.10860883151,0.147442876038,-0.0289923214965,0.0436919161096,1
0.111557689031,0.342968310401,-0.0281184831743,-0.257995530159,0
0.118417055239,0.148258842567,-0.0332783937775,0.0256874743155,0
0.12138223209,-0.0463704559073,-0.0327646442912,0.30768773805,1
0.120454822972,0.149202669502,-0.0266108895302,0.00485441786808,0
0.123438876362,-0.0455277357842,-0.0265138011728,0.289023931502,1
0.122528321647,0.149962070227,-0.0207333225428,-0.0119018585217,1
0.125527563051,0.345375133929,-0.0209713597132,-0.311053614692,0
0.13243506573,0.150558143445,-0.0271924320071,-0.0250575145226,0
0.135446228599,-0.0441635046503,-0.0276935822975,0.258923387431,1
0.134562958506,0.151342630487,-0.0225151145489,-0.0423642396773,0
0.137589811115,-0.0434493454807,-0.0233623993424,0.243130783499,1
0.136720824206,0.151998383508,-0.0184997836725,-0.056828727459,0
0.139760791876,-0.0428534936125,-0.0196363582216,0.229960448611,1
0.138903722004,0.152543474167,-0.0150371492494,-0.0688512163605,0
0.141954591487,-0.0423596999337,-0.0164141735766,0.219049737115,1
0.141107397488,0.152992993079,-0.0120331788343,-0.0787653789386,0
0.14416725735,-0.0419544088816,-0.0136084864131,0.210096884149,1
0.143328169172,0.153359451387,-0.00940654873013,-0.0868475504282,0
0.1463953582,-0.0416264109583,-0.0111434997387,0.202852818918,1
0.145562829981,0.153653119503,-0.00708644336033,-0.0933244110752,0
0.148635892371,-0.041366548783,-0.00895293158183,0.197114349398,1
0.147808561395,0.153882309244,-0.00501064459388,-0.0983793268155,1
0.15088620758,0.349075713344,-0.00697823113019,-0.392638880844,0
0.157867721847,0.154053482241,-0.0148310087471,-0.102164240022,0
0.160948791492,-0.0408528161169,-0.0168742935475,0.18580289786,1
0.160131735169,0.154506453041,-0.0131582355903,-0.112155093528,0
0.16322186423,-0.0404245036951,-0.0154013374609,0.176347619672,1
0.162413374156,0.154914432987,-0.0118743850674,-0.121153849274,0
0.165511662816,-0.0400353969895,-0.0142974620529,0.16775929267,1
0.164710954876,0.155288258939,-0.0109422761995,-0.129399556699,0
0.167816720055,-0.0396752472976,-0.0135302673335,0.15981123009,1
0.167023215109,0.155637770852,-0.0103340427317,-0.137109258077,0
0.170135970526,-0.0393346516744,-0.0130762278932,0.152295605179,1
0.169349277493,0.155972071128,-0.0100303157896,-0.144483734534,0
0.172468718915,-0.0390048093356,-0.0129199904803,0.145018010826,1
0.171688622729,0.156299762421,-0.0100196302638,-0.151712767593,0
0.174814617977,-0.0386772950256,-0.0130538856157,0.137792415943,1
0.174041072076,0.156629169895,-0.0102980372968,-0.158980054425,0
0.177173655474,-0.0383438438839,-0.0134776383853,0.130436389324,1
0.176406778597,0.156968553499,-0.0108689105988,-0.166467904485,0
0.179546149667,-0.037996142567,-0.0141982686885,0.122766469128,1
0.178786226815,0.157326315555,-0.0117429393059,-0.174361837883,0
0.181932753126,-0.0376256215322,-0.0152301760636,0.114593560758,1
0.181180240696,0.157711208704,-0.0129383048484,-0.182855201418,0
0.18433446487,-0.0372232434673,-0.0165954088768,0.1057182477,0
0.18359,-0.232103490055,-0.0144810439228,0.393119538622,1
0.178947930199,-0.0367790686282,-0.00661865315036,0.0959063475685,1
0.178212348827,0.158437115869,-0.00470052619899,-0.198857385207,0
0.181381091144,-0.0366172899205,-0.00867767390312,0.0923390415829,1
0.180648745346,0.158627957654,-0.00683089307146,-0.203069007185,0
0.183821304499,-0.0363956405785,-0.0108922732152,0.0874512982336,0
0.183093391687,-0.231359781848,-0.0091432472505,0.37667789716,1
0.17846619605,-0.0361091703467,-0.0016096893073,0.0811261446472,1
0.177744012643,0.1590358188,1.28335856446e-05,-0.212064208294,0
0.180924729019,-0.0360863159069,-0.00422845058024,0.0806227668157,1
0.180203002701,0.159095994593,-0.00261599524392,-0.21339124234,0
0.183384922593,-0.0359884581271,-0.00688382009072,0.0784653337315,1
0.182665153431,0.159231495796,-0.00531451341609,-0.21638148614,0
0.185849783347,-0.0358140786345,-0.0096421431389,0.0746202842676,0
0.185133501774,-0.230796481985,-0.00814973745355,0.364245547471,1
0.180517572134,-0.0355596604646,-0.000864826504136,0.0690040443097,1
0.179806378925,0.15957467893,0.000515254382058,-0.223951614283,0
0.182997872503,-0.0355546327876,-0.00396377790361,0.0688937992215,0
0.182286779848,-0.230619532331,-0.00258590191918,0.360323502311,1
0.177674389201,-0.0354609186935,0.00462056812704,0.0668263062899,1
0.176965170827,0.159594483184,0.00595709425284,-0.224395231063,0
0.180157060491,-0.0356120999537,0.00146918963158,0.0701608235428,1
0.179444818492,0.159488757208,0.00287240610243,-0.222058204757,0
0.182634593636,-0.0356741322869,-0.00156875799271,0.0715294080438,1
0.18192111099,0.15947027421,-0.000138169831837,-0.221648056174,0
0.185110516474,-0.0356497018017,-0.00457113095532,0.0709912831191,1
0.184397522438,0.159537484313,-0.00315130529294,-0.223130345017,0
0.187588272125,-0.0355392841939,-0.00761391219328,0.0685568725817,0
0.186877486441,-0.230551252712,-0.00624277474165,0.358827877967,1
0.182266461387,-0.0353411141455,0.000933782817692,0.0641830120785,1
0.181559639104,0.159767436574,0.00221744305926,-0.228205154299,0
0.184754987835,-0.0353861330439,-0.00234666002672,0.0651764081683,1
0.184047265174,0.15976938423,-0.00104313186335,-0.228245979144,0
0.187242652859,-0.0353376444462,-0.00560805144624,0.0641077239328,0
0.18653589997,-0.230378743342,-0.00432589696758,0.355016013239,1
0.181928325103,-0.0351955523812,0.00277442329719,0.0609721564548,1
0.181224414055,0.15988650994,0.00399386642629,-0.230834131402,0
0.184422144254,-0.0352922831396,-0.000622816201764,0.0631059168593,1
0.183716298591,0.159838592215,0.000639302135423,-0.229773447356,0
0.186913070436,-0.0352924887652,-0.0039561668117,0.0631110691162,0
0.18620722066,-0.230357495338,-0.00269394542937,0.354543179211,1
0.181600070754,-0.0351973431921,0.00439691815485,0.0610119942507,1
0.18089612389,0.159861290639,0.00561715803986,-0.230280438443,0
0.184093349703,-0.0353404758857,0.001011549271,0.0641690278128,1
0.183386540185,0.159766957703,0.00229492982726,-0.228194577405,0
0.186581879339,-0.0353877142586,-0.00226896172083,0.0652113684483,1
0.185874125054,0.159766694153,-0.00096473435187,-0.228186564825,0
0.189069458937,-0.0353414570929,-0.00552846564837,0.0641918939968,0
0.188362629795,-0.23038370968,-0.00424462776843,0.355125441324,1
0.183754955601,-0.0352016645754,0.00285788105804,0.0611070942731,1
0.18305092231,0.159879194498,0.0040800229435,-0.23067278346,0
0.1862485062,-0.0353008200337,-0.000533432725705,0.0632943249468,1
0.185542489799,0.159828775243,0.00073245377323,-0.229556855539,0
0.188739065304,-0.0353036351159,-0.00385868333754,0.0633570228747,1
0.188032992602,0.15987342697,-0.00259154288005,-0.230540840786,0
0.191230461141,-0.0352113964082,-0.00720235969576,0.0613234988724,0
0.190526233213,-0.230229345037,-0.00597588971831,0.351725359137,1
0.185921646312,-0.0350229241725,0.00105861746442,0.0571640550039,1
0.185221187829,0.160083832311,0.0022018985645,-0.235184682257,0
0.188422864475,-0.0350695092018,-0.00250179508063,0.0581919780375,1
0.187721474291,0.160088223628,-0.00133795551988,-0.235279232079,0
0.190923238764,-0.0350145860762,-0.00604354016146,0.0569813617289,0
0.190222947042,-0.230049364113,-0.00490391292688,0.347751396166,1
0.18562195976,-0.0348580067647,0.00205111499644,0.053526136039,1
0.184924799624,0.160234474224,0.00312163771722,-0.238508942481,0
0.188129489109,-0.0349319331532,-0.00164854113241,0.0551570022161,0
0.187430850446,-0.23003020802,-0.000545401088091,0.347319345981,1
0.182830246285,-0.0349005033868,0.00640098583152,0.0544644846519,1
0.182132236218,0.160129084671,0.00749027552456,-0.236192027316,0
0.185334817911,-0.0350990749482,0.00276643497824,0.0588441177193,1
0.184632836412,0.15998310185,0.00394331733262,-0.232964696886,0
0.187832498449,-0.0351949708613,-0.000715976605092,0.0609594682473,1
0.187128599032,0.159937238592,0.000503212759854,-0.231949268015,0
0.190327343804,-0.0351918994054,-0.00413577260044,0.0608923464681,1
0.189623505816,0.15998910493,-0.00291792567108,-0.233092569844,0
0.192823287914,-0.0350910323395,-0.00757977706796,0.0586685214037,0
0.192121467267,-0.230103488287,-0.00640640663989,0.348950369205,1
0.187519397502,-0.0348910096179,0.000572600744203,0.0542541894518,1
0.186821577309,0.160222726634,0.00165768453324,-0.238248022338,0
0.190026031842,-0.0349228671278,-0.00310727591352,0.054957325152,0
0.1893275745,-0.230000127089,-0.00200812941048,0.34665826482,1
0.184727571958,-0.0348496694501,0.00492503588592,0.0533427789313,1
0.184030578569,0.160201318183,0.00599189146455,-0.237782199464,0
0.187234604932,-0.0350057201447,0.00123624747528,0.0567847072383,1
0.186534490529,0.160098483566,0.00237194162004,-0.235507918028,0
0.189736460201,-0.0350572759525,-0.00233821674052,0.057922247957,1
0.189035314682,0.160098122871,-0.00117977178138,-0.23549748515,0
0.192237277139,-0.0350069526735,-0.00588972148438,0.0568130716738,0
0.191537138086,-0.230043962129,-0.00475346005091,0.347631943564,1
0.186936258843,-0.0348547235044,0.00219917882038,0.0534538814101,1
0.186239164373,0.160235625466,0.00326825644858,-0.238534376344,0
0.189443876882,-0.0349328630388,-0.0015024310783,0.0551776585803,1
0.188745219622,0.160210598514,-0.000398877906696,-0.237978917948,0
0.191949431592,-0.0349056519803,-0.00515845626565,0.0545781644103,0
0.191251318552,-0.229953259928,-0.00406689297744,0.345629104309,1
0.186652253354,-0.0347736943405,0.00284568910874,0.0516665138326,1
0.185956779467,0.160307337573,0.00387901938539,-0.240117217752,0
0.189162926218,-0.0348698108231,-0.00092332496965,0.053786731091,1
0.188465530002,0.160265367442,0.00015240965217,-0.23918736904,0
0.191670837351,-0.034858760717,-0.00463133772862,0.0535436282363,0
0.190973662136,-0.22991399955,-0.0035604651639,0.34476174022,1
0.186375382145,-0.0347415803948,0.0033347696405,0.0509581925761,1
0.185680550537,0.160332395418,0.00435393349202,-0.24067072367,0
0.188887198446,-0.0348514800182,-0.000459480981369,0.0533823668543,1
0.188190168845,0.160277056538,0.000608166355717,-0.239445494487,0
0.191395709976,-0.0348535773755,-0.00418074353403,0.0534292031519,0
0.190698638429,-0.229915333489,-0.00311215947099,0.344790145251,1
0.186100331759,-0.0347492489,0.00378364343403,0.0511274626743,1
0.185405346781,0.160318245169,0.00480619268751,-0.240359295482,0
0.188611711684,-0.0348720320237,-9.93222136101e-07,0.0538357539264,1
0.187914271044,0.160249933437,0.00107572185639,-0.238847486272,0
-0.0276500575002,-1.8073423307e-05,-0.0085076427812,0.0214149639071,0
-0.0276504189686,-0.195016989581,-0.00807934350306,0.311401535889,0
-0.0315507587602,-0.390022909195,-0.00185131278528,0.60152556734,0
-0.0393512169442,-0.585118914542,0.0101791985615,0.893624788214,1
-0.051053595235,-0.390136485727,0.0280516943258,0.604158930044,0
-0.0588563249495,-0.585639286549,0.0401348729267,0.905543874893,1
-0.0705691106805,-0.391083129426,0.0582457504245,0.625741137189,1
-0.078390773269,-0.196820550684,0.0707605731683,0.351955985763,1
-0.0823271842827,-0.00277245599997,0.0777996928836,0.0823984994267,0
-0.0823826334027,-0.198918461549,0.0794476628721,0.398577575853,1
-0.0863610026337,-0.00500818593672,0.0874192143892,0.131962689622,1
-0.0864611663524,0.188759831393,0.0900584681816,-0.131910918576,1
-0.0826859697246,0.382484055592,0.0874202498101,-0.394878233359,0
-0.0750362886127,0.186237490218,0.0795226851429,-0.075963671025,1
-0.0713115388084,0.380134687629,0.0780034117224,-0.342535282391,0
-0.0637088450558,0.183994651966,0.0711527060746,-0.0263100864076,1
-0.0600289520165,0.378027901035,0.0706265043465,-0.295722271576,1
-0.0524683939958,0.572075644002,0.0647120589149,-0.56532130586,0
-0.0410268811157,0.376108341888,0.0534056327977,-0.252973550354,1
-0.033504714278,0.570428651384,0.0483461617907,-0.528344645337,0
-0.0220961412503,0.374661042019,0.0377792688839,-0.220828112599,1
-0.0146029204099,0.569223186217,0.0333627066319,-0.501358620577,0
-0.00321845668555,0.37364722255,0.0233355342204,-0.19835111103,1
0.00425448776545,0.568427765555,0.0193685119998,-0.483582354334,0
0.0156230430765,0.373037892235,0.00969686491314,-0.184858529939,1
0.0230838009212,0.56801976675,0.00599969431436,-0.474466757721,0
0.0344441962563,0.372813605035,-0.00348964084006,-0.179898885616,1
0.041900468357,0.567985318316,-0.00708761855238,-0.473680625323,0
0.0532601747233,0.372964175866,-0.0165612310588,-0.183240001594,1
0.0607194582406,0.568319133269,-0.0202260310907,-0.481101032333,0
0.072085840906,0.37348843803,-0.0298480517374,-0.194860812952,0
0.0795556096666,0.178805879057,-0.0337452679964,0.0882589279724,1
0.0831317272477,0.37439487227,-0.031980089437,-0.21487675945,0
0.0906196246931,0.179744370798,-0.036277624626,0.0675491561282,1
0.0942145121091,0.375367148704,-0.0349266415034,-0.236355224885,0
0.101721855083,0.180761149458,-0.0396537460011,0.0451094014896,0
0.105337078072,-0.0137704135589,-0.0387515579713,0.325022215846,1
0.105061669801,0.181881255352,-0.0322511136544,0.0203749332093,0
0.108699294908,-0.0127636926385,-0.0318436149902,0.302710341915,1
0.108444021055,0.182797282674,-0.0257894081519,0.000157152140067,1
0.112099966709,0.37827941667,-0.0257862651091,-0.300549789385,0
0.119665555042,0.183534315038,-0.0317972608968,-0.0161095724752,0
0.123336241343,-0.0111175367181,-0.0321194523463,0.266373793746,1
0.123113890609,0.184447757022,-0.0267919764714,-0.0362643377137,0
0.126802845749,-0.0102799510885,-0.0275172632257,0.24784649883,1
0.126597246727,0.185223960747,-0.022560333249,-0.0533874037491,0
0.130301725942,-0.00956736166854,-0.023628081324,0.232093050675,1
0.130110378709,0.185884100341,-0.0189862203105,-0.0679483173085,0
0.133828060716,-0.00896057297139,-0.0203451866567,0.218684403122,1
0.133648849256,0.186446210789,-0.0159714985943,-0.0803461837958,0
0.137377773472,-0.00844318799612,-0.0175784222702,0.207255208646,1
0.137208909712,0.186925658172,-0.0134333180973,-0.0909205749006,0
0.140947422876,-0.00800119746891,-0.0152517295953,0.197494050713,1
0.140787398926,0.187335547112,-0.011301848581,-0.0999608227512,0
0.144534109868,-0.00762262098853,-0.013301065036,0.189135080087,1
0.144381657449,0.1876870721,-0.00951836343431,-0.107713942344,0
0.148135398891,-0.00729719528991,-0.0116726422812,0.181950853176,1
0.147989454985,0.187989819658,-0.00803362521767,-0.114391392398,1
0.151749251378,0.383225955346,-0.0103214530656,-0.409598006111,0
0.159413770485,0.188251848764,-0.0185134131878,-0.120186877716,0
0.16317880746,-0.00660002843405,-0.0209171507422,0.16659821836,1
0.163046806892,0.188814996351,-0.017585186375,-0.132609390503,0
0.166823106819,-0.00605070241708,-0.020237374185,0.154474185455,1
0.16670209277,0.189355077069,-0.0171478904759,-0.144523846196,0
0.170489194312,-0.00551715349767,-0.0200383673998,0.142700291321,1
0.170378851242,0.189885961931,-0.0171843615734,-0.156236423491,0
0.17417657048,-0.00498578785271,-0.0203090900432,0.130976089041,1
0.174076854723,0.190421108923,-0.0176895682624,-0.168044272204,0
0.177885276902,-0.00444322697156,-0.0210504537065,0.119006038161,1
0.177796412362,0.190973903373,-0.0186703329433,-0.180243090922,0
0.18161589043,-0.0038759726408,-0.0222751947617,0.106492024814,1
0.181538370977,0.19155799109,-0.0201453542654,-0.193134561037,0
0.185369530799,-0.00327007280468,-0.0240080454862,0.0931259021785,0
0.185304129343,-0.198039836158,-0.0221455274426,0.378138666957,1
0.181343332619,-0.00261049035248,-0.0145827541035,0.0785562748928,1
0.181291122812,0.192717442324,-0.0130116286056,-0.218691649079,0
0.185145471659,-0.00221611656266,-0.0173854615872,0.0698586266799,0
0.185101149328,-0.197084558522,-0.0159882890536,0.357006047643,1
0.181159458157,-0.00173899237808,-0.00884816810074,0.0593247923731,1
0.18112467831,0.193508699061,-0.00766167225328,-0.236136607871,0
0.184994852291,-0.00150295606047,-0.0123844044107,0.0541197796818,1
0.18496479317,0.193794360492,-0.0113020088171,-0.242444652188,0
0.18884068038,-0.00116434319003,-0.0161509018608,0.0466520063341,0
0.188817393516,-0.196051021991,-0.0152178617342,0.33419573927,1
0.184896373076,-0.000715825895723,-0.00853394694876,0.0367529930858,0
0.184882056558,-0.195714365914,-0.00779888708705,0.326731202177,1
0.18096776924,-0.00048225286861,-0.00126426304351,0.0315990889026,1
0.180958124182,0.19465780566,-0.000632281265458,-0.261482458198,0
0.184851280296,-0.000455114192479,-0.00586193042941,0.0310009723995,0
0.184842178012,-0.195492513795,-0.00524191098142,0.321828647701,1
0.180932327736,-0.000296309406852,0.0011946619726,0.0274972489864,1
0.180926401548,0.194808489134,0.00174460695232,-0.264808509446,0
0.18482257133,-0.00033831943667,-0.0035515632366,0.0284241721246,1
0.184815804942,0.194834383036,-0.00298307979411,-0.26537719261,0
0.188712492602,-0.000244864645316,-0.00829062364631,0.0263633527812,0
0.188707595309,-0.195246946548,-0.00776335659068,0.316419007744,1
0.184802656378,-1.52811668458e-05,-0.00143497643581,0.0212979306335,1
0.184802350755,0.195127219649,-0.00100901782314,-0.271837402146,0
0.188704895148,1.96810036321e-05,-0.00644576586606,0.0205271056508,0
0.188705288768,-0.195009240813,-0.00603522375305,0.311169369074,1
0.184805103952,0.000198171878754,0.000188163628437,0.016589237673,1
0.184809067389,0.195317424102,0.000519948381897,-0.276034315374,0
0.188715415872,0.000188058573802,-0.00500073792557,0.0168125581711,0
0.188719177043,-0.194861820419,-0.00466448676215,0.307913507581,1
0.184821940635,0.000326283201885,0.00149378338948,0.013763183103,1
0.184828466299,0.195426779835,0.00176904705154,-0.278448063185,0
0.188737001895,0.000279636446175,-0.00379991421216,0.0147922934217,0
0.188742594624,-0.194787613684,-0.00350406834372,0.306273884046,1
0.184846842351,0.00038409456889,0.0026214093372,0.0124879249919,1
0.184854524242,0.195468353423,0.00287116783704,-0.279366764394,0
0.18876389131,0.00030556201771,-0.00271616745084,0.0142203382651,0
0.188770002551,-0.194777330803,-0.00243176068553,0.306045045821,1
0.184874455935,0.000379188631152,0.00368914023089,0.0125961952697,1
0.184882039707,0.195448038976,0.00394106413628,-0.278920484353,0
0.188791000487,0.000270088653754,-0.00163734555079,0.0150028373644,1
0.18879640226,0.195415483123,-0.0013372888035,-0.278196241342,0
0.192704711922,0.000312635116148,-0.00690121363034,0.014064606194,0
0.192710964625,-0.194709667456,-0.00661992150646,0.304562153169,1
0.188816771276,0.000505995315278,-0.000528678443087,0.00979883253595,1
0.188826891182,0.195635524516,-0.000332701792368,-0.283050851816,0
0.192739601672,0.000518320301586,-0.00599371882868,0.00952712398226,0
0.192749968078,-0.194517162137,-0.00580317634904,0.300312949933,1
0.188859624836,0.000687021638067,0.000203082649627,0.00580548038316,0
0.188873365268,-0.194437841488,0.00031919225729,0.298552475336,1
0.184984608439,0.00067955834975,0.006290241764,0.00597023301014,1
0.184998199606,0.195710736257,0.0064096464242,-0.284721427367,0
0.188912414331,0.00049795759899,0.000715217876863,0.00997614875815,1
0.188922373483,0.195609644317,0.000914740852026,-0.282481032427,0
0.192834566369,0.000474657542033,-0.00473487979651,0.01049025905,0
0.19284405952,-0.194579070128,-0.00452507461551,0.301675521407,1
0.188952478117,0.000607082186589,0.00150843581263,0.00756892305153,1
0.188964619761,0.195707367864,0.00165981427366,-0.284637692558,0
0.192878767118,0.00056178305641,-0.0040329395775,0.00856826660808,0
0.192890002779,-0.194502098681,-0.00386157424534,0.299976028718,1
0.188999960806,0.000674680646744,0.00213794632902,0.00607774253893,1
0.189013454419,0.19576590551,0.0022595011798,-0.285929870219,0
0.192928772529,0.000611802970655,-0.00345909622459,0.00746482912414,0
0.192941008588,-0.194460369543,-0.0033097996421,0.299054365055,1
0.189051801197,0.000708603472636,0.002671287659,0.00532942973568,1
0.189065973267,0.195792142915,0.00277787625371,-0.286509477737,0
0.192981816125,0.000630685751193,-0.00295231330103,0.00704827309183,0
0.19299442984,-0.194448800949,-0.00281134783919,0.298798249037,1
0.189105453821,0.000713111158651,0.00316461714154,0.00523000257065,1
0.189119716044,0.195789534575,0.00326921719296,-0.28645277143,0
0.193035506736,0.000621112671306,-0.00245983823564,0.00725944513188,0
0.193047928989,-0.194465474764,-0.002314649333,0.29916524925,1
0.189158619494,0.000689393183281,0.00366865565201,0.00575322520426,1
0.189172407358,0.195758538998,0.00378372015609,-0.285769942096,0
0.193087578138,0.000582830125988,-0.00193167868582,0.00810393660568,1
0.19309923474,0.195732430971,-0.00176959995371,-0.285187831709,0
0.19701388336,0.000635762639485,-0.00747335658788,0.00693645046687,0
0.197026598612,-0.19437821711,-0.00733462757855,0.297252104941,1
0.19313903427,0.00084751890096,-0.00138958547972,0.00226501660043,0
0.193155984648,-0.194254476096,-0.00134428514771,0.294509188548,1
0.189270895126,0.000886614559934,0.00454589862324,0.00140259732917,1
0.189288627418,0.195943076907,0.00457395056983,-0.289842583445,0
0.193207488956,0.00075620312752,-0.00122290109907,0.00427940137649,0
0.193222613018,-0.19434818859,-0.00113731307154,0.296576237288,1
0.189335649246,0.000789957284656,0.00479421167422,0.00353483780987,1
0.189351448392,0.195842825569,0.00486490843041,-0.287631609401,0
0.193268304903,0.00065183623004,-0.000887723757613,0.0065816873134,1
0.193281341628,0.195786507411,-0.000756090011345,-0.286381194876,0
0.197197071776,0.000675347288561,-0.00648371390887,0.00606317121071,0
0.197210578722,-0.194353020927,-0.00636245048466,0.29669337599,1
0.193323518304,0.000859050066148,-0.000428582964867,0.00201064841048,0
0.193340699305,-0.194256752026,-0.000388369996658,0.294558321282,1
0.189455564264,0.000870733958151,0.00550279642898,0.00175293360236,1
0.189472978944,0.195913336489,0.00553785510103,-0.289188726689,0
0.193391245673,0.00071285580304,-0.000245919432759,0.00523562564571,1
0.193405502789,0.195838332997,-0.000141206919845,-0.287524881607,0
0.197322269449,0.000718395787011,-0.00589170455199,0.00511350645539,0
0.197336637365,-0.194318566501,-0.00578943442288,0.295931721166,1
0.193450266035,0.000885438447718,0.000129200000441,0.00142853658734,1
0.193467974804,0.196005536512,0.000157770732188,-0.291213623266,0
0.197388085534,0.000881336038304,-0.00566650173314,0.00151905839664,0
0.197405712255,-0.194158892773,-0.00563612056521,0.292408762086,1
0.1935225344,0.00104296309487,0.000212054676512,-0.00204638183554,0
0.193543393661,-0.194082028656,0.000171127039801,0.290703443285,1
0.189661753088,0.0010374820422,0.00598519590549,-0.00192550712784,1
0.189682502729,0.196073087651,0.00594668576294,-0.292714038459,0
0.193603964482,0.000866856454862,9.24049937593e-05,0.00183844634167,1
0.193621301611,0.19598748233,0.000129173920593,-0.290815324153,0
0.197541051258,0.000863689463865,-0.00568713256247,0.00190833983653,0
0.197558325047,-0.194176240155,-0.00564896576574,0.292791495116,1
0.193674800244,0.00102579554279,0.000206864136569,-0.00166767375417,0
0.193695316155,-0.1940991218,0.000173510661486,0.291080514053,1
0.189813333719,0.001020354936,0.00599512094254,-0.00154768451081,1
0.189833740818,0.196055816511,0.00596416725232,-0.292333064494,0
0.193754857148,0.00084933776189,0.00011750596244,0.00222490061246,1
0.193771843903,0.195969603577,0.00016200397469,-0.290420949337,0
0.197691235975,0.000845342689403,-0.00564641501206,0.00231306732222,0
0.197708142828,-0.194195177435,-0.00560015366561,0.293209146617,1
0.19382423928,0.00100616885974,0.000264029266724,-0.00123471802146,0
0.193844362657,-0.19411956793,0.000239334906295,0.291531501565,1
0.189961971298,0.00099896990416,0.00606996493759,-0.00107593234221,1
0.189981950696,0.196033345295,0.00604844629075,-0.291837547257,0
0.193902617602,0.000825677729684,0.0002116953456,0.00274683040926,1
0.193919131157,0.19594459229,0.000266631953786,-0.289869296442,0
0.197838023003,0.000818840050363,-0.00553075397505,0.00289771130705,0
0.197854399804,-0.19422335718,-0.00547279974891,0.293830499141,1
0.028939660146,0.0188677255945,0.010711467188,0.00287607719851,0
0.0293170146579,-0.176406192586,0.010768988732,0.298919262121,0
0.0257888908062,-0.371679979203,0.0167473739744,0.594978979113,1
0.0183552912221,-0.176796380357,0.0286469535567,0.307618072589,0
0.014819363615,-0.372314564581,0.0347993150085,0.609196070906,1
0.00737307232339,-0.177695924506,0.0469832364266,0.32767378801,1
0.00381915383326,0.0167267494123,0.0535367121868,0.0501695881421,0
0.00415368882151,-0.179120365034,0.0545401039496,0.359251636225,1
0.000571281520835,0.0151855656419,0.0617251366741,0.0842529650931,1
0.000874992833673,0.209370895779,0.063410195976,-0.188334653844,0
0.00506241074926,0.0134017567208,0.0596435028991,0.123658387354,1
0.00533044588368,0.207620755154,0.0621166706462,-0.149627290305,1
0.00948286098675,0.401800756129,0.0591241248401,-0.422084983265,0
0.0175188761093,0.205893174414,0.0506824251748,-0.111364713875,1
0.0216367395976,0.400253622945,0.0484551308973,-0.387636770764,0
0.0296418120565,0.204478549434,0.040702395482,-0.0800786037125,1
0.0337313830452,0.398994101479,0.0391008234078,-0.359647076473,1
0.0417112650748,0.593539041546,0.0319078818783,-0.639748725837,0
0.0535820459057,0.397987096575,0.0191129073616,-0.337190790637,0
0.0615417878372,0.202598447011,0.0123690915489,-0.0385424940867,1
0.0655937567774,0.397540861161,0.0115982416671,-0.327297326583,1
0.0735445740006,0.592495784823,0.00505229513546,-0.616300236808,0
0.0853944896971,0.397303614275,-0.00727370960069,-0.322030349337,0
0.0933405619826,0.202285994056,-0.0137143165874,-0.0316501090676,1
0.0973862818637,0.397601902787,-0.0143473187688,-0.328628303656,0
0.105338319919,0.202687108842,-0.0209198848419,-0.0405041709864,1
0.109392062096,0.398102704022,-0.0217299682617,-0.339713422142,0
0.117354116177,0.203296577469,-0.0285242367045,-0.0539613268546,0
0.121420047726,0.00859499090013,-0.0296034632416,0.229587261028,1
0.121591947544,0.204127194279,-0.025011718021,-0.0722846822566,0
0.12567449143,0.00937258358288,-0.0264574116662,0.212403183307,1
0.125861943101,0.204862620887,-0.022209348,-0.0885068187324,0
0.129959195519,0.0100659391864,-0.0239794843747,0.197087131896,1
0.130160514303,0.205522528722,-0.0200377417367,-0.10306275628,0
0.134270964877,0.010693386585,-0.0220989968623,0.183231587487,1
0.134484832609,0.20612446038,-0.0184343651126,-0.116340021013,0
0.138607321817,0.0112714261642,-0.0207611655329,0.17047047326,1
0.13883275034,0.206684286623,-0.0173517560677,-0.128688992876,0
0.142966436072,0.0118151473277,-0.0199255359252,0.158469552973,1
0.143202739019,0.207216620307,-0.0167561448657,-0.14043219361,0
0.147347071425,0.012338612576,-0.0195647887379,0.14691770619,1
0.147593843677,0.207735195884,-0.0166264346141,-0.151872755927,0
0.151748547594,0.0128552155156,-0.0196638897327,0.135518864768,1
0.152005651905,0.208253223048,-0.0169535124373,-0.163302293678,0
0.156170716365,0.0133780203568,-0.0202195583109,0.123984408967,1
0.156438276773,0.208783722734,-0.0177398701315,-0.175008375876,0
0.160613951227,0.0139200904475,-0.021240037649,0.112025832368,1
0.160892353036,0.209339853373,-0.0189995210017,-0.187281794921,0
0.165079150104,0.0144948132964,-0.0227451569001,0.0993474920318,1
0.16536904637,0.209935234875,-0.0207582070595,-0.200423810986,0
0.169567751067,0.0151162294175,-0.0247666832792,0.0856392637756,0
0.169870075656,-0.179642114366,-0.0230538980037,0.370406526601,1
0.166277233368,0.0157996615773,-0.0156457674716,0.0705445189617,1
0.1665932266,0.211142384834,-0.0142348770924,-0.227033371163,0
0.170816074296,0.0162267289649,-0.0187755445157,0.0611255785403,0
0.171140608876,-0.178621059827,-0.0175530329448,0.347826061505,1
0.167568187679,0.0167461001373,-0.0105965117148,0.0496601394934,1
0.167903109682,0.212018379664,-0.00960330892488,-0.246347151327,0
0.172143477275,0.0170348926294,-0.0145302519514,0.0432912633509,0
0.172484175128,-0.177875718563,-0.0136644266844,0.331354573578,1
0.168926660757,0.017438044233,-0.00703733521283,0.034394063765,0
0.169275421641,-0.177582286069,-0.00634945393753,0.324848356119,1
0.16572377592,0.0176294936248,0.000147513184853,0.0301698621996,1
0.166076365792,0.21274932911,0.000750910428845,-0.262466518967,0
0.170331352375,0.0176166672583,-0.0044984199505,0.0304531589338,1
0.17068368572,0.212802838459,-0.00388935677182,-0.263645666568,0
0.174939742489,0.0177366179037,-0.00916227010319,0.02780798317,0
0.175294474847,-0.177252749536,-0.00860611043979,0.317586088085,1
0.171749419856,0.0179907148925,-0.00225438867809,0.02220157169,1
0.172109234154,0.213144923579,-0.00181035724429,-0.27119178718,0
0.176372132626,0.0180488523651,-0.00723419298788,0.0209195953465,0
0.176733109673,-0.176968609884,-0.00681580108095,0.3113113001,1
0.173193737475,0.0182497788666,-0.000589575078958,0.0164866886179,1
0.173558733053,0.213380180334,-0.000259841306601,-0.276382197777,0
0.177826336659,0.0182619372187,-0.00578748526213,0.0162187636731,0
0.178191575404,-0.176776538326,-0.00546310998867,0.307070066227,1
0.174656044637,0.0184228314889,0.000678291335879,0.0126692345242,1
0.175024501267,0.213535048559,0.000931676026364,-0.279799606118,0
0.179295202238,0.0183998193031,-0.004664316096,0.0131770234418,1
0.179663198624,0.213588351164,-0.00440077562716,-0.280973893447,0
0.183934965647,0.0185294501556,-0.0100202534961,0.0103178009584,0
0.184305554651,-0.176447374228,-0.00981389747694,0.299822449871,1
0.180776607166,0.0188130769242,-0.00381744847952,0.0040606380146,0
0.181152868704,-0.17625391909,-0.00373623571923,0.295536672891,1
0.177627790323,0.0189210969933,0.00217449773858,0.00167774142043,1
0.178006212263,0.214011795339,0.00220805256699,-0.290318312411,0
0.182286448169,0.018858428703,-0.00359831368124,0.00306019086836,0
0.182663616743,-0.176211733101,-0.00353710986387,0.294605637331,1
0.179139382081,0.018960466851,0.00235500288276,0.000809260640459,1
0.179518591418,0.214048564841,0.00237118809557,-0.291129704663,0
0.183799562715,0.0188928838012,-0.00345140599769,0.00230012259216,0
0.184177420391,-0.176179399587,-0.00340540354585,0.293892093522,1
0.180653832399,0.0189909371562,0.0024724383246,0.000137099207826,1
0.181033651143,0.214077342877,0.00247518030875,-0.291764718831,0
0.185315198,0.0189201871439,-0.00336011406787,0.00169782031072,1
0.185693601743,0.21409016571,-0.00332615766166,-0.292043366562,0
0.189975405057,0.0190157972556,-0.00916702499289,-0.000411321056113,0
0.190355721002,-0.17597349385,-0.00917525141401,0.289365258738,1
0.186836251125,0.0192780843058,-0.00338794623924,-0.00619726667323,0
0.187221812811,-0.17579511547,-0.00351189157271,0.28541479939,1
0.183705910502,0.0193767457626,0.00219640441509,-0.00837368111457,1
0.184093445417,0.214467128715,0.0020289307928,-0.3003628073,0
0.188382787992,0.0193163171016,-0.0039783253532,-0.0070406871479,0
0.188769114334,-0.175748354006,-0.00411913909616,0.284384379471,1
0.185254147253,0.0194321037039,0.00156854849326,-0.00959484680192,1
0.185642789328,0.214531524698,0.00137665155722,-0.301782465216,0
0.189933419822,0.0193899796829,-0.0046589977471,-0.00866568963338,0
0.190321219415,-0.175664846203,-0.00483231153976,0.282543633386,1
0.186807922491,0.0195256964942,0.000818561127953,-0.011659456275,1
0.187198436421,0.214635898897,0.000585372002452,-0.304084004886,0
0.191491154399,0.0195056102884,-0.00549630809527,-0.0112165227613,0
0.191881266605,-0.175537086965,-0.00572063855049,0.279727197594,1
0.188370524865,0.0196660006673,-0.000126094598619,-0.0147545013095,0
0.188763844879,-0.175454141971,-0.00042118462481,0.277888638509,1
0.185254762039,0.0196738153875,0.00513658814537,-0.0149270998433,1
0.185648238347,0.214721726277,0.00483804614851,-0.305984956225,0
0.189942672873,0.0195311676965,-0.001281652976,-0.0117801649029,1
0.190333296227,0.214671476047,-0.00151725627405,-0.304867192893,0
0.194626725748,0.0195711797528,-0.00761460013191,-0.0126631584747,0
0.195018149343,-0.175440745029,-0.0078678633014,0.277607577529,1
0.191509334442,0.0197925623652,-0.00231571175082,-0.0175464473697,0
0.191905185689,-0.175296102425,-0.00266664069822,0.274404946544,1
0.188399263641,0.019863794704,0.00282145823266,-0.0191178497533,1
0.188796539535,0.214945169673,0.00243910123759,-0.31090923986,0
0.193095442928,0.0197885532877,-0.0037790835596,-0.0174580910004,0
0.193491213994,-0.175278998141,-0.00412824537961,0.274030098834,1
0.189985634031,0.0199016116575,0.00135235659708,-0.0199520218003,1
0.190383666264,0.215004142545,0.00095331616107,-0.3122079578,0
0.194683749115,0.0198686230177,-0.00529084299493,-0.0192245366069,0
0.195081121576,-0.175177053592,-0.00567533372707,0.271784382796,1
0.191577580504,0.0200254194339,-0.000239646071158,-0.0226831503965,0
0.191978088892,-0.175093094211,-0.000693309079088,0.269924155722,1
0.188476227008,0.0200387439275,0.00470517403535,-0.0229773639918,1
0.188877001887,0.215092903519,0.00424562675552,-0.314172048644,0
0.193178859957,0.0199107307984,-0.00203781421736,-0.0201532177126,0
0.193577074573,-0.175181936792,-0.00244087857161,0.271886059088,1
0.190073435837,0.0199747589488,0.00299684261015,-0.021565730069,1
0.190472931016,0.215053604481,0.00256552800877,-0.313301613948,0
0.194774003106,0.0198951996703,-0.00370050427018,-0.0198107057137,0
0.195171907099,-0.17517348735,-0.00409671838445,0.271702375633,1
0.191668437352,0.0200066814114,0.0013373291282,-0.0222698525523,1
0.192068570981,0.215109428513,0.000891932077154,-0.314530536859,0
0.196370759551,0.0199747831336,-0.00539867866003,-0.0215664572232,0
0.196770255213,-0.175069331138,-0.00583000780449,0.269408246851,1
0.193268868591,0.0201353307389,-0.000441842867478,-0.0251077824561,0
0.193671575206,-0.174980281293,-0.0009439985166,0.267435705224,1
0.19017196958,0.0201551296454,0.00440471558788,-0.0255448162872,1
0.190575072173,0.215213637511,0.00389381926213,-0.316834757571,0
0.194879344923,0.0200364416618,-0.00244287588929,-0.0229264032568,0
0.195280073756,-0.175050391349,-0.00290140395442,0.268984768306,1
0.191779065929,0.0201128449988,0.0024782914117,-0.0246118655977,1
0.192181322829,0.215199167829,0.00198605409974,-0.31651183426,0
0.196485306186,0.0200489841953,-0.00434418258546,-0.0232032366018,0
0.19688628587,-0.175010398804,-0.00480824731749,0.268105891379,1
0.193386077893,0.020179841275,0.000553870510087,-0.0260897035222,0
0.193789674719,-0.174950048509,3.20764396427e-05,0.26676792418,1
0.190290673749,0.0201714449001,0.00536743492323,-0.0259048853097,1
0.190694102647,0.21521601309,0.00484933721704,-0.316889504983,0
0.194998422909,0.0200253273147,-0.00148845288262,-0.0226812193475,0
0.195398929455,-0.175075246463,-0.00194207726957,0.269531712151,1
0.191897424526,0.0200743654143,0.00344855697345,-0.0237631239951,1
0.192298911834,0.215146691824,0.00297329449354,-0.31535599994,0
0.19660184567,0.0199825141855,-0.00333382550526,-0.0217368801978,0
0.197001495954,-0.175091468346,-0.00376856310922,0.269892324621,1
0.193499666587,0.0200840584383,0.0016292833832,-0.023976841567,1
0.193901347756,0.21518260641,0.00114974655186,-0.316145265995,0
0.198204999884,0.0200442971434,-0.00517315876805,-0.0230999701514,0
0.198605885827,-0.175003085494,-0.00563515817108,0.267946287089,1
0.195105824117,0.0201988321674,-0.0002762324293,-0.0265086681713,0
0.19550980076,-0.174919156575,-0.000806405792726,0.266087091443,1
0.192011417629,0.0202142946909,0.00451533603613,-0.0268500735634,1
0.192415703523,0.215271202451,0.00397833456486,-0.318104948272,0
0.196721127572,0.0200928154767,-0.00238376440058,-0.0241700573682,0
0.197122983881,-0.174994869447,-0.00286716554794,0.267759812534,1
0.193623086492,0.0201678829561,0.00248803070273,-0.0258260583169,1
0.194026444151,0.215254065577,0.00197150953639,-0.317722946245,0
0.198331525463,0.0201040897654,-0.00438294938852,-0.0244189279889,0
0.198733607258,-0.174954732722,-0.0048713279483,0.266877912407,1
0.195234512604,0.0202364019592,0.000466230299835,-0.0273374804849,0
0.195639240643,-0.174892232241,-8.05193098638e-05,0.265492510707,1
0.192141395998,0.020230868114,0.00522933090427,-0.0272158115536,1
0.192546013361,0.215277437953,0.0046850146732,-0.318244249749,0
0.19685156212,0.0200890741508,-0.00167987032178,-0.02408752796,0
0.197253343603,-0.175008745981,-0.00216162088098,0.268064907677,1
0.193753168683,0.0201439876833,0.00319967727256,-0.025299024961,1
0.194156048437,0.215219907025,0.00269369677334,-0.316970702581,0
0.198460446577,0.0200596920901,-0.00364571727829,-0.0234394963465,0
0.198861640419,-0.175009786916,-0.00411450720522,0.26809093912,1
0.195361444681,0.0201706414126,0.00124731157718,-0.0258868868989,1
0.195764857509,0.215274682983,0.000729573839207,-0.31817601209,0
0.200070351169,0.0201423482677,-0.00563394640259,-0.0252630932267,0
0.200473198134,-0.174898356149,-0.00613920826713,0.265636948789,1
0.196975231011,0.020310677117,-0.000826469291353,-0.0289759989663,0
0.197381444553,-0.174799412254,-0.00140598927068,0.263446053194,1
0.193885456308,0.0203425794552,0.0038629317932,-0.0296800057613,1
0.194292307897,0.215408921464,0.00326933167797,-0.321141636535,0
0.198600486327,0.0202405651648,-0.00315350105272,-0.02742948483,0
0.19900529763,-0.174836020902,-0.00370209074932,0.264256811534,1
0.195508577212,0.0203385752863,0.00158304548136,-0.0295914887242,0
0.195915348718,-0.174806041948,0.000991215706877,0.263590485526,1
-0.0323895638495,-0.0485532936381,-0.0118339394358,0.00177627705081,0
-0.0333606297223,-0.24350354717,-0.0117984138948,0.290702084663,0
-0.0382307006657,-0.438455294687,-0.0059843722015,0.579640699626,0
-0.0469998065594,-0.633492873819,0.00560844179103,0.870432434797,0
-0.0596696640358,-0.828690661772,0.023017090487,1.16487338508,1
-0.0762434772712,-0.633875775257,0.0463145581885,0.879494886708,1
-0.0889209927764,-0.439412654527,0.0639044559227,0.601724610477,1
-0.0977092458669,-0.245240077651,0.0759389481322,0.329835386328,0
-0.10261404742,-0.44135627681,0.0825356558588,0.645466480542,1
-0.111441172956,-0.247475549977,0.0954449854696,0.379873326541,1
-0.116390683956,-0.0538293914423,0.103042452,0.118744375671,1
-0.117467271785,0.139676828204,0.105417339514,-0.139734467231,0
-0.11467373522,-0.0567846234685,0.102622650169,0.184257123208,1
-0.11580942769,0.136730674955,0.106307792633,-0.0743705441806,1
-0.113074814191,0.330180682768,0.10482038175,-0.331711760672,0
-0.106471200535,0.133735027646,0.0981861465363,-0.00789981346872,1
-0.103796499982,0.327321765892,0.0980281502669,-0.268060969717,1
-0.0972500646646,0.520918011413,0.0926669308726,-0.528287039787,0
-0.0868317044363,0.324622856378,0.0821011900769,-0.207902513395,1
-0.0803392473088,0.518480699703,0.077943139809,-0.473599147496,1
-0.0699696333147,0.712420356693,0.0684711568591,-0.740733335419,0
-0.0557212261809,0.51642325048,0.0536564901507,-0.427311782562,1
-0.0453927611712,0.710745822391,0.0451102544994,-0.702608707544,0
-0.0311778447234,0.515028642054,0.0310580803485,-0.396073672947,1
-0.0208772718823,0.709696478552,0.0231366068896,-0.678804998219,0
-0.00668334231131,0.514260886333,0.00956050692523,-0.378928513699,0
0.00360187541535,0.319004476912,0.00198193665124,-0.0832465385585,1
0.00998196495359,0.51409796166,0.00031700588007,-0.375303501931,0
0.0202639241868,0.31897150911,-0.00718906415854,-0.0825206380843,1
0.026643354369,0.514195772458,-0.00883947692023,-0.377463032517,0
0.0369272698181,0.319200471786,-0.0163887375706,-0.0875802809723,1
0.0433112792539,0.514553457843,-0.01814034319,-0.385388481596,0
0.0536023484107,0.319693671604,-0.0258481128219,-0.0984798614985,1
0.0599962218428,0.515176358482,-0.0278177100519,-0.399204441105,0
0.0702997490124,0.320459845958,-0.035801798874,-0.115420024431,0
0.0767089459316,0.125868683591,-0.0381101993626,0.165756193019,1
0.0792263196034,0.321514858797,-0.0347950755023,-0.13870166669,0
0.0856566167793,0.126908097065,-0.0375691088361,0.142804098194,1
0.0881947787206,0.322547394828,-0.0347130268722,-0.161490493148,0
0.0946457266172,0.127939148133,-0.0379428367352,0.120042437791,1
0.0972045095799,0.323583600269,-0.0355419879793,-0.184365537385,0
0.103676181585,0.128987744878,-0.039229298727,0.0968967555792,0
0.106255936483,-0.0655506422675,-0.0372913636155,0.376949372371,1
0.104944923637,0.130080560526,-0.029752376168,0.0727454648344,1
0.107546534848,0.325616137712,-0.0282974668714,-0.229174002023,0
0.114058857602,0.130909752248,-0.0328809469118,0.0544503061049,0
0.116677052647,-0.0637256811086,-0.0317919407897,0.336580390249,1
0.115402539025,0.131833934878,-0.0250603329847,0.0340439407392,1
0.118039217723,0.327306128562,-0.02437945417,-0.266439250967,0
0.124585340294,0.132540456156,-0.0297082391893,0.0184555920398,0
0.127236149417,-0.0621431271822,-0.0293391273485,0.301619171119,1
0.125993286873,0.133384433395,-0.0233067439261,-0.000170414511582,0
0.128660975541,-0.0613956455866,-0.0233101522164,0.285068791143,1
0.127433062629,0.134050869121,-0.0176087763935,-0.0148738998325,1
0.130114080012,0.329420867871,-0.0179062543901,-0.313060178223,0
0.136702497369,0.134558522798,-0.0241674579546,-0.026077676442,0
0.139393667825,-0.0602086606264,-0.0246890114835,0.258883244172,1
0.138189494613,0.13525689294,-0.0195113466,-0.0414835635857,0
0.140894632472,-0.0595799141838,-0.0203410178717,0.244980047217,1
0.139703034188,0.135826570528,-0.0154414169274,-0.0540488907075,0
0.142419565598,-0.0590706073522,-0.0165223947416,0.23372242756,1
0.141238153451,0.136283473751,-0.0118479461904,-0.0641260608373,0
0.143963822926,-0.0586666217246,-0.0131304674071,0.224795343512,1
0.142790490492,0.136640506933,-0.00863456053687,-0.0720003417732,0
0.145523300631,-0.0583565981379,-0.0100745673723,0.217945883047,1
0.144356168668,0.136907910375,-0.0057156497114,-0.0778978884947,0
0.147094326875,-0.0581316394696,-0.0072736074813,0.212976265661,1
0.145931694086,0.137093544646,-0.00301408216808,-0.0819921859452,1
0.148673564979,0.332258572452,-0.00465392588698,-0.37562453671,0
0.155318736428,0.137203032877,-0.0121664166212,-0.0844126451493,0
0.158062797085,-0.0577424245945,-0.0138546695242,0.204407060964,1
0.156907948594,0.137574889586,-0.00976652830489,-0.092613934644,0
0.159659446385,-0.057405725154,-0.0116188069978,0.196971725223,1
0.158511331882,0.137880473072,-0.00767937249331,-0.0993536524999,0
0.161268941344,-0.0571305815201,-0.00966644554331,0.190896590854,1
0.160126329713,0.138128313416,-0.00584851372624,-0.10481995862,0
0.162888895982,-0.0569093380247,-0.00794491289864,0.186012061858,1
0.161750709221,0.138325380184,-0.00422467166148,-0.109166552671,0
0.164517216825,-0.0567357781639,-0.0064080027149,0.182180524015,1
0.163382501261,0.138477276661,-0.00276439223461,-0.112516986197,0
0.166152046795,-0.0566049543919,-0.00501473195854,0.179292512008,1
0.165019947707,0.138588397781,-0.00142888171839,-0.114968159803,0
0.167791715662,-0.0565130504901,-0.00372824491444,0.177263622768,1
0.166661454653,0.138662055925,-0.000182972459076,-0.11659310365,1
0.169434695771,0.333786628333,-0.00251483453208,-0.409333751265,0
0.176110428338,0.138700422554,-0.0107015095574,-0.11744472852,0
0.178884436789,-0.0562665753821,-0.0130504041278,0.171842838733,1
0.177759105281,0.139039706758,-0.00961354735312,-0.124928347329,0
0.180539899416,-0.0559432084728,-0.0121121142997,0.164706170951,1
0.179421035247,0.139350014395,-0.00881799088068,-0.131773050528,0
0.182208035535,-0.0556445204677,-0.0114534518912,0.15811492448,1
0.181095145125,0.139639521917,-0.00829115340163,-0.138159167292,0
0.183887935564,-0.055362701041,-0.0110543367475,0.151896542219,1
0.182780681543,0.139915777823,-0.0080164059031,-0.144253188041,0
0.185578997099,-0.0550904571433,-0.0109014696639,0.145889967636,1
0.184477187957,0.140185900347,-0.00798367031119,-0.150212132091,0
0.187280905964,-0.0548208245087,-0.010987912953,0.139941458957,1
0.186184489473,0.140456761794,-0.00818908377387,-0.156187619563,0
0.188993624709,-0.0545469892806,-0.0113128361651,0.13390063551,1
0.187902684924,0.140735164218,-0.00863482345492,-0.162329753631,0
0.190717388208,-0.0542621153306,-0.0118814185275,0.127616654937,1
0.189632145901,0.141028010875,-0.00932908542882,-0.168790912924,0
0.192452706119,-0.0539591729941,-0.0127049036873,0.120934424072,1
0.191373522659,0.141342477707,-0.0102862152059,-0.175729550096,0
0.194200372213,-0.0536307650194,-0.0138008062078,0.113690748152,1
0.193127756913,0.141686188984,-0.0115269912447,-0.183314091145,0
0.195961480692,-0.0532689455231,-0.0151932730676,0.105710322464,0
0.194896101782,-0.248169910432,-0.0130790666184,0.39356137749,1
0.189932703573,-0.0528648284467,-0.00520783906855,0.0967836751532,1
0.188875407004,0.142331374499,-0.00327216556549,-0.197537756516,0
0.191722034494,-0.0527436211522,-0.00722292069582,0.0941111554915,1
0.190667162071,0.142481106075,-0.00534069758599,-0.200841816863,0
0.193516784193,-0.0525640562905,-0.00935753392324,0.090151596608,0
0.192465503067,-0.247550639551,-0.00755450199108,0.379867591496,1
0.187514490276,-0.0523222285881,4.28498388332e-05,0.0848123288896,1
0.186468045704,0.142799108377,0.00173909641662,-0.207857078436,0
0.189324027872,-0.0523476674898,-0.0024180451521,0.0853739367927,1
0.188277074522,0.142808861213,-0.000710566416242,-0.208070905043,0
0.191133251746,-0.0523029222516,-0.0048719845171,0.0843877897613,1
0.190087193301,0.142888526396,-0.00318422872187,-0.209828266166,0
0.192944963829,-0.0521877506809,-0.0073807940452,0.0818485043337,0
0.191901208816,-0.247203125267,-0.00574382395852,0.372193664741,1
0.18695714631,-0.052000048506,0.0017000493363,0.0777052046611,1
0.18591714534,0.143097490321,0.00325415342952,-0.214440866418,0
0.188779095147,-0.052070832675,-0.00103466389883,0.0792667874448,1
0.187737678493,0.143065935501,0.000550671850062,-0.213742399276,0
0.190598997203,-0.0520638842836,-0.00372417613546,0.0791141835379,1
0.189557719517,0.143111255766,-0.0021418924647,-0.214741401557,0
0.192419944633,-0.0519800085478,-0.00643672049584,0.0772651077449,0
0.191380344462,-0.24700909658,-0.00489141834094,0.367910296813,1
0.18644016253,-0.0518179840379,0.00246678759533,0.0736890593391,1
0.185403802849,0.143268516188,0.00394056878211,-0.21821456585,0
0.188269173173,-0.051909543146,-0.000423722534899,0.0757087743213,1
0.18723098231,0.143218479941,0.00109045295153,-0.217107808456,0
0.190095351909,-0.0519190428332,-0.00325170321759,0.0759188947831,0
0.189056971052,-0.246994227559,-0.00173332532193,0.36757412583,1
0.184117086501,-0.0518476893463,0.00561815719467,0.074345160848,1
0.183080132714,0.143193270818,0.00710506041163,-0.216559932725,0
0.185943998131,-0.0520295277503,0.00277386175713,0.0783557439333,1
0.184903407576,0.143052549221,0.00434097663579,-0.213450731447,0
0.18776445856,-0.052131195094,7.19620068534e-05,0.080598369609,1
0.186721834658,0.142989724467,0.00168392939903,-0.212061852145,0
0.189581629147,-0.0521562623492,-0.00255730764386,0.0811517880695,1
0.188538503901,0.143002254426,-0.000934271882475,-0.212336877495,0
0.191398548989,-0.0521063266101,-0.00518100943238,0.0800511904381,0
0.190356422457,-0.247153625202,-0.00357998562362,0.371095001656,1
0.185413349953,-0.0519809961956,0.0038419144095,0.0772854206619,1
0.184373730029,0.143085668604,0.00538762282273,-0.21418289705,0
0.187235443401,-0.0521128918158,0.00110396488174,0.0801946475921,1
0.186193185565,0.142993216472,0.00270785783358,-0.212139770894,0
0.189053049894,-0.0521673456031,-0.00153493758429,0.0813961081904,1
0.188009702982,0.14297657527,9.29845795225e-05,-0.211770699768,0
0.190869234487,-0.0521467052924,-0.00414242941584,0.0809415572769,1
0.189826300382,0.143034382204,-0.0025235982703,-0.213045432797,0
0.192686988026,-0.0520513979167,-0.00678450692624,0.0788403684711,0
0.191645960067,-0.247075436673,-0.00520769955682,0.369375064247,1
0.186704451334,-0.051879881308,0.00217980172813,0.0750546447395,1
0.185666853708,0.143210752616,0.00368089462292,-0.216939749711,0
0.18853106876,-0.0519636250417,-0.0006579003713,0.076902014042,1
0.187491796259,0.143167751453,0.000880139909539,-0.215988410051,0
0.190355151288,-0.0519667711355,-0.00343962829149,0.0769720215617,0
0.189315815866,-0.247039244452,-0.00190018786025,0.368567751881,1
0.184375030977,-0.0518903452108,0.00547116717736,0.0752862765948,1
0.183337224072,0.143152746092,0.00697689270926,-0.215665466479,0
0.186200278994,-0.0520682488287,0.00266358337968,0.0792100886632,1
0.185158914018,0.14301541792,0.00424778515295,-0.212631280831,0
0.188019222376,-0.0521670069638,-4.84046368246e-06,0.081388560221,1
0.186975882237,0.142955013643,0.00162293074074,-0.211295893783,0
0.18983498251,-0.0521901044378,-0.00260298713492,0.0818985392724,1
0.188791180421,0.14296906347,-0.000965016349468,-0.211604498212,0
0.19165056169,-0.0521390768723,-0.00519710631371,0.0807738612675,0
0.190607780153,-0.24718614293,-0.00358162908836,0.371812566831,1
0.185664057294,-0.0520134926062,0.00385462224827,0.0780024724091,1
0.184623787442,0.143052989047,0.00541467169645,-0.213461820199,0
0.187484847223,-0.0521459555151,0.00114543529248,0.0809242101247,1
0.186441928113,0.142959557088,0.00276391949498,-0.211397108891,0
0.189301119254,-0.0522018029875,-0.00146402268284,0.0821564043553,1
0.188257083195,0.142941104185,0.000179105404267,-0.210988065221,0
0.191115905278,-0.0521834074318,-0.00404065590016,0.0817513544974,1
0.19007223713,0.142996232559,-0.00240562881021,-0.212203665086,0
0.192932161781,-0.0520912416318,-0.00664970211193,0.0797194452775,0
0.191890336948,-0.247117239434,-0.00505531320637,0.370296976169,1
0.18694799216,-0.0519238301364,0.002350626317,0.0760243477618,1
0.185909515557,0.143164344166,0.00387111327224,-0.21591602173,0
0.18877280244,-0.0520127338489,-0.00044720716237,0.0779855061327,1
0.187732547763,0.143115625466,0.00111250296028,-0.214838482473,0
0.190594860273,-0.0520222128932,-0.00318426668917,0.078195169733,1
0.189554416015,0.143145241269,-0.00162036329451,-0.215490700152,0
0.19241732084,-0.0519535075375,-0.00593017729756,0.0766806522717,0
0.191378250689,-0.246989945487,-0.00439656425212,0.36748670317,1
0.18643845178,-0.0518057972339,0.00295316981127,0.0734207247086,1
0.185402335835,0.143273692499,0.00442158430544,-0.218329003232,0
0.188267809685,-0.0519111850452,5.50042408051e-05,0.0757453926811,1
0.187229585984,0.143209977598,0.00156991209443,-0.216920179594,0
0.190093785536,-0.0519343811603,-0.00276849149745,0.0762575517914,1
0.189055097913,0.143227148919,-0.00124334046162,-0.21729755692,0
0.191919640891,-0.0518770062046,-0.00558929160003,0.0749929075554,0
0.190882100767,-0.246918385306,-0.00408943344892,0.365907163198,1
0.185943733061,-0.0517385592842,0.00322870981505,0.0719375821424,1
0.184908961875,0.143336955337,0.00466746145789,-0.21972492557,0
