0.0236357253028,0.024164112136,-0.0192222822749,-0.0254917681851,0
0.0241190075455,-0.17067697638,-0.0197321176386,0.261064868509,0
0.0207054680179,-0.365511775534,-0.0145108202684,0.547459307811,0
0.0133952325073,-0.560426889538,-0.00356163411216,0.835535166347,1
0.0021866947165,-0.365256466653,0.0131490692148,0.541734270641,0
-0.00511843461657,-0.560560737658,0.0239837546276,0.838531066673,1
-0.0163296493697,-0.36577436263,0.0407543759611,0.553486081815,1
-0.0236451366223,-0.171247692617,0.0518240975974,0.273916833075,0
-0.0270700904747,-0.367069307444,0.0573024342589,0.582484365059,1
-0.0344114766235,-0.172795027249,0.0689521215601,0.308388946133,1
-0.0378673771685,0.0212801651449,0.0751199004827,0.0382237801061,1
-0.0374417738656,0.215249002716,0.0758843760848,-0.229844452259,0
-0.0331367938113,0.0191293152937,0.0712874870396,0.0857770788079,1
-0.0327542075054,0.213160843249,0.0730030286158,-0.183590214637,0
-0.0284909906405,0.0170743660744,0.0693312243231,0.131199906781,1
-0.028149503319,0.211138206181,0.0719552224587,-0.138829457306,1
-0.0239267391953,0.405159746928,0.0691786333126,-0.407972090606,0
-0.0158235442568,0.209128594727,0.0610191915004,-0.0943063892147,1
-0.0116409723623,0.403325299908,0.0591330637162,-0.367130807902,1
-0.0035744663641,0.597559305009,0.0517904475581,-0.640597586944,0
0.00837671973608,0.401755050431,0.0389784958193,-0.332065428416,1
0.0164118207447,0.596301134449,0.0323371872509,-0.612206122569,0
0.0283378434337,0.400742523859,0.0200930647996,-0.309516087908,1
0.0363526939108,0.595572511764,0.0139027430414,-0.595795113973,0
0.0482641441461,0.400258777238,0.00198684076193,-0.298765550543,0
0.0562693196909,0.205108561279,-0.00398847024893,-0.00545667357609,1
0.0603714909165,0.400287485091,-0.00409760372045,-0.299395337776,0
0.0683772406183,0.205224180154,-0.010085510476,-0.00800752887689,1
0.0724817242214,0.400489308654,-0.0102456610535,-0.303855415153,0
0.0804915103945,0.205514859596,-0.0163227693566,-0.0144212634533,1
0.0846018075864,0.400867050257,-0.0166111946256,-0.312209195234,0
0.0926191485915,0.205985638771,-0.0228553785303,-0.0248108741891,1
0.0967388613669,0.401427772802,-0.0233515960141,-0.324616405279,0
0.104767416823,0.206645965791,-0.0298439241197,-0.0393880969008,0
0.108900336139,0.011964404536,-0.0306316860577,0.243731397062,1
0.10913962423,0.207510187983,-0.0257570581165,-0.0584539858071,0
0.113289827989,0.0127668328709,-0.0269261378326,0.225992416052,1
0.113545164647,0.208263047634,-0.0224062895116,-0.0750609369557,0
0.117710425599,0.0134693592089,-0.0239075082507,0.210469354885,1
0.117979812783,0.208924842534,-0.019698121153,-0.0896582247495,0
0.122158309634,0.0140906945557,-0.021491285648,0.196745426869,1
0.122440123525,0.209513352377,-0.0175563771106,-0.102638818389,0
0.126630390573,0.0146473475227,-0.0196091534784,0.184453833199,1
0.126923337523,0.21004430287,-0.0159200768144,-0.114349972926,0
0.131124223581,0.0151540411317,-0.0182070762729,0.173268069555,1
0.131427304403,0.210531778975,-0.0147417148818,-0.125102547794,0
0.135637939983,0.0156240888762,-0.0172437658377,0.162893312996,1
0.13595042176,0.210988595395,-0.0139858995778,-0.135179295425,0
0.140170193668,0.0160697365698,-0.0166894854863,0.153058677468,1
0.1404915884,0.211426632382,-0.013628311937,-0.144842337275,0
0.144720121047,0.0165024768376,-0.0165251586825,0.143510144203,1
0.145050170584,0.211857144721,-0.0136549557984,-0.154340023348,0
0.149287313478,0.0169333431088,-0.0167417562653,0.134003988445,1
0.149625980341,0.212291051294,-0.0140616764964,-0.163913354123,0
0.153871801366,0.0173731898406,-0.0173399435789,0.124300535942,1
0.154219265163,0.212739212295,-0.0148539328601,-0.173802130729,0
0.158474049409,0.0178329655426,-0.0183299754747,0.114158091334,1
0.15883070872,0.213212700745,-0.016046813648,-0.184250989934,0
0.163094962735,0.0183239850342,-0.0197318334467,0.103326885779,1
0.163461442436,0.213723074721,-0.0176652957311,-0.195515474921,0
0.16773590393,0.0188582072697,-0.0215756052295,0.0915428930763,1
0.168113068075,0.214282656432,-0.019744747368,-0.207868290577,0
0.172398721204,0.0194485250129,-0.0239021131795,0.0785213620473,0
0.172787691704,-0.175322768711,-0.0223316859386,0.363568298196,1
0.16928123633,0.0201093352469,-0.0150603199747,0.063928266357,1
0.169683423035,0.215443939246,-0.0137817546475,-0.23346797861,0
0.17399230182,0.0205215894914,-0.0184511142197,0.0548360716688,0
0.17440273361,-0.174331006602,-0.0173543927864,0.341640895189,1
0.170916113478,0.0210335011093,-0.0105215748826,0.0435363263123,1
0.1713367835,0.216304734829,-0.00965084835632,-0.252447597446,0
0.175662878196,0.0213219110423,-0.0146998003052,0.0371757126067,0
0.176089316417,-0.17358619224,-0.0139562860531,0.32518469504,1
0.172617592573,0.0217316632919,-0.00745259215231,0.0281334290828,1
0.173052225838,0.216959692488,-0.00688992357065,-0.26689152417,0
0.177391419688,0.021936748325,-0.0122277540541,0.0236103271407,0
0.177830154655,-0.173007730484,-0.0117555475112,0.312410314742,1
0.174370000045,0.022279703032,-0.00550734121639,0.0160433533706,0
0.174815594106,-0.172762834976,-0.00518647414898,0.306983573413,1
0.171360337406,0.0224326355029,0.000953197319281,0.0126694891196,1
0.171808990116,0.217540903664,0.00120658710167,-0.279712540199,0
0.176159808189,0.022401761124,-0.0043876637023,0.0133506970633,1
0.176607843412,0.217586361346,-0.00412064976104,-0.280713354053,0
0.180959570639,0.0225234311674,-0.00973491684209,0.0106670895267,0
0.181410039262,-0.172457564988,-0.00952157505155,0.300262704965,1
0.177960887962,0.0227987985754,-0.00351632095226,0.00459213526648,0
0.178416863934,-0.17227254746,-0.00342447824693,0.29616354912,1
0.174971412985,0.0228980548907,0.00249879273546,0.00240256753741,1
0.175429374083,0.217984080799,0.00254684408621,-0.289490913443,0
0.179789055699,0.0228259051233,-0.00324297418265,0.00399417201521,1
0.180245573801,0.217994214775,-0.00316309074235,-0.289710185781,0
0.184605458096,0.0229175104062,-0.00895729445796,0.00197345981855,0
0.185063808305,-0.172074842294,-0.00891782526159,0.291816845956,1
0.181622311459,0.0231731197904,-0.00308148834246,-0.00366525741967,0
0.182085773855,-0.171904503158,-0.00315479349085,0.288043831585,1
0.178647683791,0.0232622946212,0.00260608314085,-0.00563241600212,1
0.179112929684,0.218346774097,0.00249343482081,-0.297491953929,0
0.183479865166,0.0231893675924,-0.00345640425777,-0.00402368509517,0
0.183943652518,-0.171882843659,-0.00353687795967,0.287566703099,1
0.180505995644,0.0232893671503,0.00221445610232,-0.00622962193822,1
0.180971782987,0.218379490015,0.00208986366355,-0.298213039159,0
0.185339372788,0.0232278108656,-0.00387439711963,-0.00487174021306,0
0.185803929005,-0.171838362223,-0.00397183192389,0.286586253422,1
0.182367161761,0.0233400067305,0.00175989314455,-0.0073467062565,1
0.182833961895,0.218436674438,0.00161295901942,-0.299473846306,0
0.187202695384,0.0232917693432,-0.00437651790671,-0.00628265969077,0
0.187668530771,-0.1717671438,-0.00450217110052,0.285016215767,1
0.184233187895,0.0234187279742,0.00119815321481,-0.00908325848568,1
0.184701562454,0.218523475542,0.0010164880451,-0.301387912811,0
0.189072031965,0.0233870512397,-0.00501127021113,-0.00838458014246,0
0.18953977299,-0.171662674173,-0.00517896181398,0.282713027021,1
0.186106519506,0.0235327626915,0.000475298726431,-0.0115988096544,1
0.18657717476,0.21864789427,0.000243322533343,-0.304131736143,0
0.190950132646,0.0235224762521,-0.00583931218952,-0.0113720809566,0
0.191420582171,-0.171515246723,-0.00606675380865,0.279462767759,1
0.187990277236,0.0236927205333,-0.000477498453472,-0.0151274092752,1
0.188464131647,0.218821516416,-0.000780046638977,-0.307960954272,0
0.192840561975,0.0237106887142,-0.00693926572442,-0.0155241354473,0
0.19331477575,-0.171311060974,-0.00724974843337,0.274961318141,1
0.18988855453,0.0239135730942,-0.00175052207054,-0.0199993447754,0
0.190366825992,-0.171183230067,-0.00215050896604,0.27213075836,1
0.186943161391,0.0239693410932,0.00329210620116,-0.0212296706391,1
0.187422548212,0.219043925783,0.00286751278838,-0.312872084542,0
0.191803426728,0.0238812417307,-0.00338992890246,-0.0192862144211,0
0.192281051563,-0.171191930523,-0.00377565319088,0.272325225493,1
0.188857212952,0.0239836918126,0.00167085131899,-0.021546160661,1
0.189336886789,0.219081641527,0.00123992810577,-0.313701446676,0
0.193718519619,0.0239420489377,-0.00503410082775,-0.0206277440311,0
0.194197360598,-0.17110734754,-0.00544665570837,0.27046262407,1
0.190775213647,0.024091902732,-3.74032269639e-05,-0.0239332171155,0
0.191257051702,-0.171029512071,-0.000516067569275,0.268737908336,1
0.18783646146,0.024099800147,0.00485869059745,-0.0241077448742,1
0.188318457463,0.219151737568,0.00437653569996,-0.315253748172,0
0.192701492215,0.0239677191266,-0.00192853926347,-0.0211938270427,0
0.193180846597,-0.171126521838,-0.00235241580432,0.270880000007,1
0.18975831616,0.0240289189199,0.00306518419582,-0.0225439607665,1
0.190238894539,0.219106778599,0.0026143049805,-0.314258212924,0
0.194621030111,0.0239476840748,-0.00367085927799,-0.0207519667233,0
0.195099983792,-0.17112143133,-0.00408589861246,0.270770504735,1
0.191677555166,0.0240585863237,0.00132951148225,-0.0231983287646,1
0.192158726892,0.219161445889,0.000865544906954,-0.315461483205,0
0.19654195581,0.0240271762269,-0.00544368475714,-0.0225057181812,0
0.197022499334,-0.171016285907,-0.00589379912077,0.268454704721,1
0.193602173616,0.0241892785156,-0.000524705026351,-0.0260813232148,0
0.194085959187,-0.170925144085,-0.00104633149065,0.266436007127,1
0.190667456305,0.0242117249509,0.00428238865189,-0.0265767576007,1
0.191151690804,0.219272002409,0.00375085349988,-0.31790547249,0
0.195537130852,0.0240968297132,-0.00260725594991,-0.0240420245262,0
0.196019067446,-0.170987634246,-0.00308809644044,0.267817144425,1
0.192599314761,0.0241782522377,0.00226824644807,-0.025838188335,1
0.193082879806,0.21926760163,0.00175148268137,-0.317804595747,0
0.197468231839,0.0241207480249,-0.00460460923357,-0.0245698286825,0
0.197950646799,-0.170934867398,-0.00509600580722,0.266656742388,1
0.194531949451,0.0242594423172,0.000237129040542,-0.0276291396253,1
0.195017138298,0.219377992133,-0.000315453751964,-0.320237240183,0
0.19940469814,0.0242605348412,-0.00672019855563,-0.0276538122091,0
0.199889908837,-0.170764402368,-0.00727327479981,0.262901264474,1
0.19647462079,0.0244606084775,-0.00201524951033,-0.0320668301367,0
0.196963832959,-0.17063238524,-0.00265658611306,0.259979583247,1
0.193551185254,0.0245273891749,0.00254300555188,-0.0335400807774,1
0.194041733038,0.21961278061,0.00187220393633,-0.325419578909,0
0.19843398865,0.0244642227862,-0.00463618764185,-0.0321468275559,0
0.198923273106,-0.170590937574,-0.00527912419297,0.259069734285,1
0.195511454354,0.0246059788859,-9.77295072612e-05,-0.0352736157385,0
0.196003573932,-0.170514570732,-0.000803201822031,0.257378474815,1
0.192593282517,0.0246188384518,0.00434436767427,-0.0355576858552,1
0.193085659287,0.219678221851,0.00363321395717,-0.326866759785,0
0.197479223724,0.0245047327071,-0.00290412123853,-0.0330402957671,0
0.197969318378,-0.170575452104,-0.00356492715387,0.258724937039,1
0.194557809336,0.0245972106526,0.00160957158691,-0.0350802831679,0
0.195049753549,-0.170547785214,0.000907965923551,0.2581100453,1
0.191638797844,0.0245611916973,0.00607016682955,-0.0342863574862,1
0.192130021678,0.219595571113,0.00538443967982,-0.325047918724,0
0.196521933101,0.0243973697473,-0.00111651869467,-0.0306718434673,0
0.197009880496,-0.170708552202,-0.00172995556401,0.261658600612,1
0.193595709451,0.0244380507765,0.00350321644822,-0.0315694725195,1
0.194084470467,0.219509589391,0.00287182699783,-0.323145041399,0
0.198474662255,0.0243468625398,-0.00359107383015,-0.0295578423316,0
0.198961599506,-0.170723406863,-0.00418223067678,0.261989901645,1
0.195547131368,0.024457993107,0.00105756735612,-0.0320092101013,1
0.196036291231,0.219564762364,0.000417383154096,-0.32435827558,0
0.200427586478,0.0244368705887,-0.0060697823575,-0.0315437527674,0
0.20091632389,-0.170597513337,-0.00670065741285,0.259217928952,1
0.197504373623,0.0246194516479,-0.00151629883381,-0.0355709233308,0
0.197996762656,-0.17048072271,-0.00222771730043,0.256633210095,1
0.194587148202,0.024672963124,0.00290494690148,-0.0367515406309,1
0.195080607464,0.219753136761,0.00216991608886,-0.328516513229,0
0.199475670199,0.0246003615742,-0.00440041417573,-0.0351500847826,0
0.199967677431,-0.170458211018,-0.00510341587138,0.256141223734,1
0.19655851321,0.0247362307413,1.94086032985e-05,-0.0381470238083,0
0.197053237825,-0.170385998793,-0.000743531872867,0.254542026568,1
0.193645517849,0.0247465608645,0.00434730865848,-0.0383753303617,1
0.194140449067,0.219805902609,0.00357980205125,-0.32968347343,0
0.198536567119,0.0246331748394,-0.00301386741735,-0.0358737980694,0
0.199029230616,-0.1704454275,-0.00373134337874,0.255856700779,1
0.195620322066,0.0247295990081,0.00138579063685,-0.0380008133378,0
0.196114914046,-0.170412197078,0.000625774370096,0.255119022044,1
0.192706670104,0.0247008137682,0.00572815481097,-0.0373664592695,1
0.19320068638,0.219740156208,0.00498082562558,-0.328236604949,0
0.197595489504,0.0245476517042,-0.00158390647341,-0.0339871233506,0
0.198086442538,-0.170551549988,-0.00226364894042,0.258195643786,1
0.000797252797623,-0.0174055366321,-0.0102103139469,0.0136863548717,0
0.00044914206498,-0.212379581823,-0.00993658684947,0.303130398039,0
-0.00379844957148,-0.407358519403,-0.00387397888869,0.592663057523,0
-0.0119456199595,-0.602426025986,0.00797928226177,0.884123174817,1
-0.0239941404793,-0.407413327976,0.0256617457581,0.593959324035,0
-0.0321424070388,-0.60288489658,0.0375409322388,0.894613865257,1
-0.0442001049704,-0.408291583227,0.0554332095439,0.613963996298,1
-0.0523659366349,-0.213986265471,0.0677124894699,0.33924272533,1
-0.0566456619443,-0.0198898652479,0.0744973439765,0.0686575791066,0
-0.0570434592493,-0.215996437423,0.0758704955586,0.383883508373,1
-0.0613633879978,-0.0220290531734,0.0835481657261,0.116053967687,1
-0.0618039690612,0.171802589699,0.0858692450798,-0.149144740736,0
-0.0583679172672,-0.0244373296047,0.0828863502651,0.169345114284,1
-0.0588566638593,0.169406442267,0.0862732525508,-0.0960816198727,1
-0.055468535014,0.363192737811,0.0843516201533,-0.360347076496,0
-0.0482046802578,0.166979375642,0.0771446786234,-0.0423035068677,1
-0.0448650927449,0.36091519406,0.0762986084861,-0.309683990065,1
-0.0376467888637,0.554871827381,0.0701049286848,-0.577362482264,0
-0.0265493523161,0.358840920192,0.0585576790395,-0.26344443008,1
-0.0193725339123,0.553080270288,0.0532887904379,-0.537097942243,0
-0.00831092850652,0.357251167593,0.042546831593,-0.228111770165,1
-0.00116590515465,0.551740084679,0.0379845961897,-0.507076138084,0
0.00986889653893,0.356104072861,0.027843073428,-0.202669010954,1
0.0169909779961,0.550816993445,0.0237896932089,-0.486440381722,0
0.0280073178651,0.355367575542,0.0140608855745,-0.186355701734,1
0.0351146693759,0.550285556461,0.0103337715398,-0.474570006738,0
0.0461203805051,0.355019210611,0.000842371405061,-0.178648051969,1
0.0532207647173,0.550129097096,-0.00273058963432,-0.471065120697,0
0.0642233466592,0.355045821619,-0.0121518920483,-0.179244090759,1
0.0713242630916,0.550339540661,-0.0157367738634,-0.475735608878,0
0.0823310539048,0.355443297261,-0.025251486041,-0.188053862553,0
0.0894399198501,0.160691548739,-0.0290125632921,0.0965574814511,1
0.0926537508248,0.356217046247,-0.027081413663,-0.205135835926,0
0.0997780917498,0.161492627653,-0.0311841303816,0.0788827274755,1
0.103007944303,0.357047415611,-0.0296064758321,-0.22347348906,0
0.110148892615,0.162360857245,-0.0340759456132,0.0597253370891,1
0.11339610976,0.357954398694,-0.0328814388715,-0.243511042833,0
0.120555197734,0.163317166179,-0.0377516597281,0.0386215893087,0
0.123821541057,-0.031243660621,-0.036979227942,0.319158538126,1
0.123196667845,0.164384904085,-0.0305960571794,0.015046889001,0
0.126484365927,-0.0302852053874,-0.0302951193994,0.297921550681,1
0.125878661819,0.165255205829,-0.0243366883858,-0.00415987977293,1
0.129183765936,0.360717573458,-0.0244198859812,-0.304420890105,0
0.136398117405,0.165951989005,-0.0305083037833,-0.0195383505853,0
0.139717157185,-0.0287194574744,-0.030899070795,0.263364885891,1
0.139142768035,0.166829602348,-0.0256317730772,-0.0389015705917,0
0.142479360082,-0.0279155907631,-0.0264098044891,0.245585349255,1
0.141921048267,0.167573411354,-0.021498097504,-0.0553094778984,0
0.145272516494,-0.0272337980132,-0.0226042870619,0.230513859654,1
0.144727840534,0.168203744074,-0.0179940098688,-0.0692126564731,0
0.148091915415,-0.0266556704816,-0.0193782629983,0.217739193886,1
0.147558802006,0.168737859424,-0.0150234791206,-0.0809929252511,0
0.150933559194,-0.0261655430957,-0.0166433376256,0.206912449446,1
0.150410248332,0.169190399554,-0.0125050886367,-0.0909737955327,0
0.153794056323,-0.0257500996192,-0.0143245645473,0.197737690092,1
0.153279054331,0.169573779885,-0.0103698107455,-0.0994293482899,0
0.156670529929,-0.0253980297144,-0.0123583977113,0.189963972107,1
0.156162569334,0.169898523488,-0.00855911826916,-0.106591763691,0
0.159560539804,-0.0250997330798,-0.010690953543,0.183378557219,1
0.159058545143,0.1701735466,-0.0070233823986,-0.11265770364,0
0.162462016075,-0.0248470654264,-0.0092765364714,0.177801142012,1
0.161965074766,0.170406401758,-0.00572051363116,-0.117793719687,1
0.165373202801,0.365609846886,-0.00807638802489,-0.412275918307,0
0.172685399739,0.170603309298,-0.016321906391,-0.12215008406,0
0.176097465925,-0.0242810425049,-0.0187649080722,0.16533907852,1
0.175611845075,0.171104427834,-0.0154581265018,-0.133204088104,0
0.179033933631,-0.0237927267308,-0.0181222082639,0.154562207697,1
0.178558079097,0.171583949778,-0.01503096411,-0.143782322599,0
0.181989758092,-0.0233195492414,-0.017906610562,0.144120963609,1
0.181523367108,0.172054207881,-0.0150241912898,-0.154156951033,0
0.184964451265,-0.0228494362954,-0.0181073303105,0.133748573625,1
0.184507462539,0.172527141037,-0.015432358838,-0.16459151351,0
0.18795800536,-0.0223705345153,-0.0187241891082,0.123183254813,1
0.18751059467,0.173014597351,-0.0162605240119,-0.175347658598,0
0.190970886617,-0.0218709129504,-0.0197674771839,0.112161577836,1
0.190533468358,0.1735286303,-0.0175242456271,-0.186691733977,0
0.194004040964,-0.0213382665596,-0.0212580803067,0.100411865346,0
0.193577275633,-0.216149206026,-0.0192498429998,0.386312844966,1
0.189254291512,-0.0207593517654,-0.0115235861004,0.0876232598037,1
0.188839104477,0.174525866179,-0.00977112090437,-0.208672977272,0
0.1923296218,-0.0204550147952,-0.0139445804498,0.0809117186451,1
0.191920521504,0.174864028281,-0.0123263460769,-0.216137935185,0
0.19541780207,-0.0200795576059,-0.0166491047806,0.0726313753281,0
0.195016210918,-0.214958913849,-0.015196477274,0.360015285605,1
0.190717032641,-0.0196242783937,-0.00799617156191,0.0625795713087,1
0.190324547073,0.175611400809,-0.00674458013574,-0.232615434587,0
0.193836775089,-0.0194135331109,-0.0113968888275,0.0579324211218,1
0.193448504427,0.175869958794,-0.010238240405,-0.238324405827,0
0.196965903603,-0.0191042432845,-0.0150047285216,0.0511115792057,0
0.196583818737,-0.214007864715,-0.0139824969375,0.339022876588,1
0.192303661443,-0.01868977198,-0.00720203940571,0.0419636568823,0
0.191929866003,-0.213707711217,-0.00636276626807,0.332365597896,1
0.187655711779,-0.0184957750764,0.000284545689857,0.0376829803414,1
0.187285796277,0.17662209458,0.00103820529669,-0.254910155863,0
0.190818238169,-0.0185146648057,-0.00405999782057,0.0381000577688,0
0.190447944873,-0.213578160837,-0.0032979966652,0.32949925423,1
0.186176381656,-0.0184094165174,0.0032919884194,0.0357781205933,1
0.185808193326,0.176665172536,0.00400755083127,-0.255864334596,0
0.189341496777,-0.0185137668863,-0.00110973586066,0.038079940333,1
0.188971221439,0.176624080402,-0.000348137054002,-0.25495291264,0
0.192503703047,-0.0184928983696,-0.0054471953068,0.0376201854902,0
0.192133845079,-0.213536314446,-0.004694791597,0.328579501628,1
0.187863118791,-0.0183478433298,0.00187679843555,0.0344197579106,1
0.187496161924,0.176747143803,0.00256519359377,-0.257670428975,0
0.1910311048,-0.0184113357608,-0.00258821498574,0.035820493322,1
0.190662878085,0.176747635185,-0.0018718051193,-0.257677916946,0
0.194197830789,-0.01834754291,-0.00702536345823,0.0344140271524,0
0.19383087993,-0.213368047285,-0.00633708291518,0.324872124843,1
0.189563518985,-0.0181564415749,0.000160359581675,0.030197505923,1
0.189200390153,0.176963209629,0.000764309700134,-0.262434821403,0
0.192739654346,-0.0181696432093,-0.00448438672793,0.0304890793915,0
0.192376261482,-0.213226999676,-0.0038746051401,0.321753766905,1
0.188111721488,-0.0180500872375,0.002560470198,0.0278514647632,1
0.187750719743,0.177035051607,0.00311749949326,-0.264022506853,0
0.191291420775,-0.0181312580258,-0.00216295064381,0.0296420783758,0
0.190928795615,-0.213222124535,-0.00157010907629,0.321641786619,1
0.186664353124,-0.0180778493632,0.00486272665609,0.0284641227901,1
0.186302796137,0.176974030706,0.00543200911189,-0.262680602154,0
0.189842276751,-0.0182250348337,0.0001783970688,0.0317106792275,1
0.189477776054,0.176894357632,0.000812610653351,-0.260915956075,0
0.193015663207,-0.0182391842096,-0.00440570846815,0.0320231675522,0
0.192650879523,-0.213297679315,-0.0037652451171,0.323312796512,1
0.188384925936,-0.0181223159292,0.00270101081315,0.0294448472437,1
0.188022479618,0.176960797178,0.00328990775802,-0.262384658788,0
0.191561695561,-0.0182079602559,-0.00195778541774,0.031334124194,0
0.191197536356,-0.213301781199,-0.00133110293386,0.323398706229,1
0.186931500732,-0.0181609011575,0.00513687119072,0.0302963013377,1
0.186568282709,0.176887009115,0.00574279721747,-0.260761470479,0
0.190106022892,-0.018316448396,0.000527567807896,0.0337272605856,1
0.189739693924,0.176797933342,0.00120211301961,-0.258789166364,0
0.19327565259,-0.0183411587428,-0.00397367030768,0.0342726814131,0
0.192908829416,-0.213405901498,-0.00328821667942,0.32569922949,1
0.188640711386,-0.0182372874917,0.00322576791039,0.0319811571942,1
0.188275965636,0.176838256508,0.00386539105427,-0.259682262281,0
0.191812730766,-0.0183386618411,-0.00132825419134,0.0342173502461,1
0.191445957529,0.176802311757,-0.000643907186419,-0.258884358558,0
0.194982003764,-0.0183104410777,-0.00582159435759,0.0335954013205,0
0.194615794943,-0.213348426756,-0.00514968633118,0.324435883261,1
0.190348826408,-0.01815353039,0.00133903133403,0.0301334199322,1
0.1899857558,0.176949192773,0.00194169973268,-0.262126727353,0
0.193524739655,-0.0182004211955,-0.00330083481438,0.0311680011486,0
0.193160731231,-0.213274881566,-0.00267747479141,0.322807653956,1
0.1888952336,-0.0181149061952,0.00377867828772,0.0292815635583,1
0.188532935476,0.176952653126,0.00436430955888,-0.262206757713,0
0.192071988539,-0.0182313231212,-0.000879825595376,0.0318495213191,1
0.191707362076,0.176903234155,-0.000242835168993,-0.261110869998,0
0.195245426759,-0.0182152497634,-0.00546505256895,0.0314954537116,0
0.194881121764,-0.213258404743,-0.00483514349472,0.322449099748,1
0.190615953669,-0.0180679359293,0.00161383850024,0.0282452923344,1
0.190254594951,0.177030834601,0.00217874434693,-0.26392801405,0
0.193795211643,-0.0181221470537,-0.00309981593407,0.0294413139801,0
0.193432768702,-0.213199508127,-0.00251098965447,0.321144605312,1
0.189168778539,-0.0180418884787,0.00391190245178,0.0276708685192,1
0.188807940769,0.17702374541,0.00446531982216,-0.263775247114,0
0.192348415678,-0.0181616563077,-0.000810185120126,0.0303127362682,1
0.191985182551,0.176971904049,-0.000203930394762,-0.262625702601,0
0.195524620632,-0.0181471356394,-0.00545644444679,0.0299928953093,0
0.19516167792,-0.213190414906,-0.0048565865406,0.320949272276,1
0.190897869622,-0.0179996391536,0.00156239890491,0.0267387307016,1
0.190537876838,0.177099871258,0.00209717351894,-0.265450832632,0
0.194079874264,-0.0180519494373,-0.0032118431337,0.0278928232444,0
0.193718835275,-0.213127693633,-0.00265398666881,0.31956064999,1
0.189456281402,-0.0179680455344,0.00373722633099,0.0260419376531,1
0.189096920492,0.17710011201,0.00425806508405,-0.265459513315,0
0.192638922732,-0.0180823536741,-0.00105112518225,0.0285633984098,1
0.192277275658,0.177054655595,-0.000479857214058,-0.264450984541,0
0.19581836877,-0.0180604432231,-0.00576887690488,0.0280805519751,0
0.195457159906,-0.213099191642,-0.00520726586538,0.318937766056,1
0.191195176073,-0.0179034660062,0.00117148945573,0.024617217987,1
0.190837106753,0.177201665456,0.00166383381547,-0.267695860565,0
0.194381140062,-0.0179439916783,-0.00369008339583,0.0255113868798,0
0.194022260228,-0.21301283017,-0.00317985565823,0.317027770416,1
0.189762003625,-0.0178457316723,0.00316069975009,0.0233437267512,1
0.189405088991,0.177230749874,0.00362757428511,-0.268340289776,0
0.192949703989,-0.017942782849,-0.0017392315104,0.0254845875515,0
0.192590848332,-0.213039748914,-0.00122953975937,0.317618260227,1
0.188330053354,-0.0179003069106,0.00512282544517,0.0245478338784,1
0.187972047215,0.177147805255,0.00561378212274,-0.26651439125,0
0.191515003321,-0.0180538149855,0.000283494297734,0.0279338686302,1
0.191153927021,0.177064069579,0.000842171670338,-0.264659599134,0
0.194695208412,-0.0180698919308,-0.00445102031234,0.0282888377739,0
0.194333810574,-0.213127730564,-0.00388524355686,0.319564101774,1
0.190071255963,-0.0179506624907,0.00250603847863,0.0256584505951,1
0.189712242713,0.177135260582,0.00301920749053,-0.266232740585,0
0.193254947924,-0.0180296512728,-0.00230544732117,0.0274009385662,0
0.192894354899,-0.213118464938,-0.00175742854985,0.319355580467,1
0.1886319856,-0.0179715286397,0.00462968305949,0.0261189443332,1
0.188272555027,0.177083724269,0.00515206194616,-0.265099677473,0
0.191814229513,-0.0181113813983,-0.000149931603303,0.0292037946414,1
0.191452001885,0.177012719614,0.000434144289526,-0.263526433479,0
0.194992256277,-0.0181154257637,-0.00483638438005,0.0292933954217,0
0.194629947762,-0.213167687453,-0.00425051647161,0.320446474704,1
0.190366594013,-0.0179854621857,0.00215841302246,0.0264261334709,1
0.190006884769,0.177105469296,0.00268693569188,-0.265575009156,0
0.193548994155,-0.0180547283447,-0.00262456449125,0.0279541887106,0
0.193187899588,-0.213138943315,-0.00206548071704,0.319807882238,1
0.188925120722,-0.0179876371813,0.00433067692772,0.026474296555,1
0.188565367978,0.177071941853,0.00486016285882,-0.264839113241,0
0.192106806815,-0.0181190401806,-0.000436619406006,0.0293727840893,1
0.191744426012,0.17700916971,0.000150836275779,-0.263447868949,0
-0.0105543908771,-0.0141741925632,-0.00997937110906,-8.21596659662e-05,0
-0.0108378747284,-0.209151613762,-0.00998101430238,0.289435522808,0
-0.0150209070037,-0.404129826657,-0.00419230384622,0.578953904897,0
-0.0231035035368,-0.59919277489,0.00738677425171,0.870313222294,1
-0.0350873590346,-0.404172077018,0.0247930386976,0.579961848226,0
-0.043170800575,-0.599632526398,0.0363922756621,0.880350822158,1
-0.0551634511029,-0.405023373005,0.0539992921053,0.599327343183,1
-0.063263918563,-0.210696853449,0.065985838969,0.324130519117,0
-0.067477855632,-0.406693282167,0.0724684493513,0.636871110295,1
-0.0756117212753,-0.212652781426,0.0852058715572,0.367861383711,1
-0.0798647769039,-0.0188383755291,0.0925630992314,0.103214687812,1
-0.0802415444145,0.17484353867,0.0946273929877,-0.15888977524,0
-0.0767446736411,-0.0214968359663,0.0914495974829,0.162082149107,1
-0.0771746103604,0.172205033025,0.094691240465,-0.100407827781,1
-0.0737305096999,0.365851338127,0.0926830839094,-0.361778380738,0
-0.0664134829373,0.169542629268,0.0854475162946,-0.0413693223999,1
-0.063022630352,0.363341953127,0.0846201298466,-0.305916705648,1
-0.0557557912895,0.557162520688,0.0785017957337,-0.570758640853,0
-0.0446125408757,0.361032539087,0.0670866229166,-0.254413865452,1
-0.0373918900939,0.555135662405,0.0619983456076,-0.525204932709,1
-0.0262891768458,0.749332868516,0.0514942469534,-0.797725241795,0
-0.0113025194755,0.553543629231,0.0355397421175,-0.489298052553,0
-0.000231646890909,0.357938784752,0.0257537810664,-0.185629579024,1
0.00692712880413,0.552682969004,0.0220411894859,-0.470078211964,0
0.0179807881842,0.357256714345,0.0126396252467,-0.170530447674,1
0.0251259224711,0.552195494074,0.00922901629319,-0.459199309117,0
0.0361698323526,0.356944308175,4.50301108395e-05,-0.16362171076,1
0.0433087185161,0.552065614744,-0.00322740410436,-0.456290431464,0
0.054350030811,0.356989442021,-0.0123532127336,-0.164626551492,1
0.0614898196514,0.552286031175,-0.0156457437635,-0.461180835714,0
0.0725355402749,0.35738867044,-0.0248693604778,-0.173470236476,0
0.0796833136837,0.162631317091,-0.0283387652073,0.111264618995,1
0.0829359400255,0.358147641965,-0.0261134728274,-0.190222595787,0
0.0900988928648,0.163408818676,-0.0299179247431,0.0941095600455,1
0.0933670692383,0.358946519571,-0.0280357335422,-0.207860292109,0
0.10054599963,0.164236444837,-0.0321929393844,0.075848619643,1
0.103830728527,0.359804764908,-0.0306759669915,-0.226814949899,0
0.111026823825,0.165134336393,-0.0352122659895,0.0560359929077,1
0.114329510553,0.360743018664,-0.0340915461313,-0.247545414352,0
0.121544370926,0.166124117895,-0.0390424544184,0.034192335593,0
0.124866853284,-0.0284168336165,-0.0383586077065,0.314305819411,1
0.124298516611,0.167229947237,-0.0320724913183,0.00977685983833,0
0.127643115556,-0.027417710414,-0.0318769541215,0.292170495764,1
0.127094761348,0.168143903614,-0.0260335442063,-0.0103931367962,0
0.13045763942,-0.0265952047479,-0.0262414069422,0.273963546219,1
0.129925735325,0.168891145034,-0.0207621360178,-0.0268791118799,1
0.133303558226,0.364304592737,-0.0212997182554,-0.326039738047,0
0.140589650081,0.169492275459,-0.0278205130163,-0.0401491898509,0
0.14397949559,-0.0252199142345,-0.0286234968134,0.243627898563,1
0.143475097305,0.170298940384,-0.0237509388421,-0.0579444084414,0
0.146881076113,-0.0244745555081,-0.0249098270109,0.227151314904,1
0.146391585003,0.170994364588,-0.0203668007128,-0.0732838354657,0
0.149811472294,-0.0238297719503,-0.0218324774222,0.212904335235,1
0.149334876855,0.171597409145,-0.0175743907175,-0.0865848138222,0
0.152766825038,-0.0232682766161,-0.0193060869939,0.200501971532,1
0.152301459506,0.172124398005,-0.0152960475632,-0.0982080582811,0
0.155743947466,-0.0227750272899,-0.0172602087289,0.189610017376,1
0.15528844692,0.172589547788,-0.0134680083814,-0.108467444234,0
0.158740237876,-0.022336843469,-0.015637357266,0.179936150419,1
0.158293501007,0.173005345039,-0.0120386342577,-0.117638503926,0
0.161753607907,-0.0219420665344,-0.0143914043362,0.171222150601,1
0.161314766577,0.173382878517,-0.0109669613242,-0.125965853643,0
0.164782424147,-0.0215802570937,-0.013486278397,0.16323704117,1
0.164350819005,0.173732133946,-0.0102215375736,-0.133669748932,0
0.167825461684,-0.021241923355,-0.0128949325523,0.155770979293,1
0.167400623217,0.174062258227,-0.00977951296641,-0.140951942246,0
0.170881868382,-0.0209182745355,-0.0125985518113,0.148629740238,1
0.170463502891,0.17438179964,-0.00962595700656,-0.148000998547,0
0.173951138884,-0.0206009935716,-0.0125859769775,0.14162965353,1
0.173539119012,0.174698930066,-0.0097533839069,-0.154997209144,0
0.177033097614,-0.0202820236781,-0.0128533280898,0.134592860993,1
0.17662745714,0.175021654841,-0.0101614708699,-0.162117232223,0
0.180127890237,-0.0199533635529,-0.0134038155144,0.127342775292,1
0.179728822966,0.175358015508,-0.0108569600086,-0.169538579892,0
0.183235983276,-0.0196068662138,-0.0142477316064,0.119699623419,1
0.182843845952,0.175716290483,-0.011853739138,-0.177444065866,0
0.186358171761,-0.0192340365645,-0.0154026204553,0.111475962734,1
0.18597349103,0.176105198466,-0.0131731012007,-0.186026325047,0
0.189495594999,-0.0188258228275,-0.0168936277016,0.102472057644,1
0.189119078543,0.176534109362,-0.0148441865487,-0.195492515925,0
0.19264976073,-0.018372396941,-0.0187540368672,0.0924710028305,1
0.192282312791,0.177013267416,-0.0169046168106,-0.206069318963,0
0.195822578139,-0.0178629189325,-0.0210260031899,0.0812334741647,0
0.195465319761,-0.212677249741,-0.0194013337066,0.367209188775,1
0.191211774766,-0.0172850578593,-0.0120571499311,0.0684724258848,1
0.190866073609,0.178007661363,-0.0106877014134,-0.22799007641,0
0.194426226836,-0.0169599367398,-0.0152475029416,0.0613024935903,0
0.194087028101,-0.211859991018,-0.0140214530698,0.349135999796,1
0.189849828281,-0.0165414549755,-0.00703873307386,0.0520648230168,1
0.189518999181,0.178680712329,-0.00599743661352,-0.242830544376,0
0.193092613428,-0.0163550606483,-0.010854047501,0.047954617845,0
0.192765512215,-0.211319704938,-0.00989495514415,0.3371933305,1
0.188539118116,-0.0160583512725,-0.00315108853414,0.0414065690946,1
0.188217951091,0.179108643802,-0.00232295715225,-0.252268888602,0
0.191800123967,-0.01598006013,-0.00736833492429,0.0396804289649,0
0.191480522764,-0.21099557908,-0.00657472634499,0.330029495671,1
0.187260611183,-0.0157806554719,2.58635684275e-05,0.0352804835368,1
0.186944998073,0.179340924848,0.000731473239164,-0.257394282956,0
0.19053181657,-0.0157914618455,-0.00441641241996,0.0355192718927,0
0.190215987333,-0.210849803127,-0.0037060269821,0.326805509374,1
0.185998991271,-0.015675284844,0.00283008320537,0.0329561729962,1
0.185685485574,0.179405967729,0.00348920666529,-0.258832490654,0
0.189273604928,-0.0157656214968,-0.00168744314778,0.0349489357682,1
0.188958292499,0.179380487411,-0.000988464432416,-0.25826591889,0
0.192545902247,-0.015727338166,-0.00615378281022,0.0341050680055,0
0.192231355483,-0.210760503934,-0.00547168145011,0.324840076658,1
0.188016145405,-0.0155610732693,0.00102512008305,0.0304366474312,1
0.187704923939,0.179546162162,0.00163385303168,-0.26192266669,0
0.191295847183,-0.0155990733875,-0.00360460030213,0.0312751485107,0
0.190983865715,-0.210669147795,-0.00297909733192,0.322818609001,1
0.186770482759,-0.0155049018357,0.0034772748481,0.0291976858051,1
0.186460384722,0.179567010881,0.0040612285642,-0.262386097501,0
0.19005172494,-0.0156126753275,-0.00118649338582,0.031575015322,1
0.189739471433,0.179526270673,-0.000554993079378,-0.261482026619,0
0.193329996847,-0.015587753759,-0.00578463361177,0.0310257969973,0
0.193018241772,-0.210626274616,-0.00516411767182,0.321878010717,1
0.188805716279,-0.015431166573,0.00127344254252,0.0275710089103,1
0.188497092948,0.17967249943,0.00182486272073,-0.264709860795,0
0.192090542936,-0.0154754506301,-0.00346933449518,0.0285480862375,0
0.191781033924,-0.210547477874,-0.00289837277043,0.320134383853,1
0.187570084366,-0.0153843697389,0.00350431490663,0.0265388308586,1
0.187262396972,0.179687152015,0.0040350915238,-0.265036388658,0
0.190856140012,-0.0154921586379,-0.00126563624937,0.0289165075856,1
0.190546296839,0.179647919734,-0.000687306097654,-0.264165472493,0
0.194139255234,-0.0154642145622,-0.00597061554752,0.0283005918472,0
0.193829970943,-0.21050003639,-0.00540460371058,0.319093759549,1
0.189619970215,-0.0153015308239,0.000977271480405,0.0247113317068,1
0.189313939598,0.179806391849,0.00147149811454,-0.267663094778,0
0.192910067435,-0.0153365290066,-0.00388176378102,0.0254835898865,0
0.192603336855,-0.210402598004,-0.00337209198329,0.316939253245,1
0.188395284895,-0.0152327792686,0.0029666930816,0.0231947964337,1
0.18809062931,0.179846501408,0.00343058901027,-0.268550630386,0
0.191687559338,-0.0153242396463,-0.00194042359745,0.0252123496723,0
0.191381074545,-0.210418309876,-0.00143617660401,0.317282419904,1
0.187172708347,-0.0152759323123,0.00490947179408,0.0241469196588,1
0.186867189701,0.179775269826,0.00539241018725,-0.26698297867,0
0.190462695098,-0.0154232246408,5.27506138459e-05,0.0273958669531,1
0.190154230605,0.179697970057,0.000600667952909,-0.265270416005,0
0.193748190006,-0.0154325492297,-0.0047047403672,0.0276019064891,0
0.193439539021,-0.210486716172,-0.00415270223741,0.318796730261,1
0.189229804698,-0.0153058678422,0.00222323236781,0.0248070912253,1
0.188923687341,0.179784129854,0.00271937419232,-0.267173552329,0
0.192519369938,-0.0153765259989,-0.00262409685427,0.026365844069,0
0.192211839418,-0.21046074749,-0.00209677997289,0.318219685221,1
0.188002624468,-0.0153089953932,0.00426761373152,0.0248762477017,1
0.18769644456,0.179751495379,0.00476513868556,-0.266457149424,0
0.191291474468,-0.0154381395028,-0.000564004302921,0.0277249243151,1
0.190982711678,0.179691895397,-9.50581661841e-06,-0.265135898738,0
0.194576549586,-0.0154299201455,-0.00531222379138,0.0275440298529,0
0.194267951183,-0.21047528893,-0.00476134319432,0.318546168496,1
0.190058445404,-0.0152858492485,0.00160958017559,0.0243654981225,1
0.189752728419,0.179812982224,0.00209689013804,-0.26780915363,0
0.193348988064,-0.0153388318707,-0.00325929293455,0.0255344092068,0
0.193042211427,-0.210413890834,-0.00274860475042,0.317187213017,1
0.18883393361,-0.0152528984681,0.00359513950992,0.0236387414936,1
0.18852887564,0.17981731111,0.0040679143398,-0.267907713171,0
0.192125221863,-0.0153624581327,-0.00129023992362,0.0260554818489,1
0.1918179727,0.179777972371,-0.000769130286645,-0.267034250698,0
0.195413532147,-0.015332993461,-0.0061098153006,0.0254059872024,0
0.195106872278,-0.210366794297,-0.00560169555656,0.316154953515,1
0.190899536392,-0.0151655026809,0.000721403513748,0.0217107201131,1
0.190596226339,0.179946095462,0.00115561791601,-0.270744508331,0
0.194195148248,-0.0151923272829,-0.00425927225062,0.0223026819293,0
0.193891301702,-0.210252938185,-0.00381321861203,0.313638722027,1
0.189686242939,-0.0150768739707,0.00245955582851,0.0197556706356,1
0.189384705459,0.180009718345,0.00285466924122,-0.272150224034,0
0.192984899826,-0.01515285014,-0.00258833523945,0.0214317075064,0
0.192681842823,-0.210237586539,-0.00215970108932,0.31329686217,1
0.188477091092,-0.0150849355597,0.00410623615407,0.0199336167634,1
0.188175392381,0.179977887822,0.00450490848934,-0.271450921534,0
0.191774950138,-0.0152080558168,-0.000924109941344,0.0226494616878,0
0.191470789021,-0.210316742226,-0.000471120707588,0.315040678053,1
0.187264454177,-0.0151880832345,0.00582969285348,0.0222092125656,1
0.186960692512,0.179849781357,0.00627387710479,-0.268628693026,0
0.190557688139,-0.0153611401723,0.000901303244258,0.0260264342033,1
0.190250465336,0.179747874045,0.00142183192832,-0.266371985133,0
0.193845422817,-0.0153943410076,-0.00390560777433,0.026759060017,0
0.193537535997,-0.210460065677,-0.00337042657399,0.318207169641,1
0.189328334683,-0.0152902731496,0.00299371681883,0.0244632401259,1
0.18902252922,0.179788617865,0.00348298162134,-0.267273633695,0
0.192618301577,-0.0153828680226,-0.00186249105256,0.0265058139225,0
0.192310644217,-0.210478060214,-0.00133237477411,0.318600522587,1
0.188101083013,-0.0153371581067,0.00503963567763,0.0254977111717,1
0.187794339851,0.179712159309,0.00554958990106,-0.265590902956,0
0.191388583037,-0.0154885577251,0.000237771841952,0.0288372348267,1
0.191078811882,0.179629982884,0.000814516538486,-0.263770662893,0
0.19467141154,-0.015503584929,-0.00446089671937,0.0291690595684,0
0.194361339841,-0.210561280898,-0.003877515528,0.320441193063,1
0.190150114223,-0.0153843241488,0.00253130833325,0.026537972111,1
0.18984242774,0.179701234835,0.00306206777547,-0.265345224999,0
0.193436452437,-0.0154642864111,-0.0022448367245,0.0283019309489,1
0.193127166709,0.179689785231,-0.00167879810552,-0.265088420378,0
0.196720962413,-0.0154081644737,-0.00698056651309,0.0270645253747,0
0.196412799124,-0.210429317061,-0.00643927600559,0.317536857108,1
0.192204212783,-0.015216245445,-8.85388634258e-05,0.0228301863778,1
0.191899887874,0.179906975394,0.00036806486413,-0.26988067416,0
0.195498027382,-0.0152202263248,-0.00502954861907,0.0229183196608,0
0.195193622855,-0.210269689226,-0.00457118222585,0.31401013243,1
0.190988229071,-0.0150829196413,0.00170902042275,0.0198891140774,1
0.190686570678,0.180014480737,0.00210680270429,-0.272254107357,0
0.0222289671808,-0.0300565020477,-0.00981742972253,-0.024916941813,0
0.0216278371398,-0.225036296932,-0.0103157685588,0.264652378257,0
0.0171271112012,-0.420009502221,-0.00502272099364,0.554063843095,0
0.00872692115676,-0.61506056573,0.00605855586825,0.845160074081,0
-0.00357429015784,-0.810264657083,0.0229617573499,1.13974204177,1
-0.0197795832995,-0.615450312157,0.0457565981853,0.854347720231,1
-0.0320885895426,-0.420980860707,0.0628435525899,0.576396601586,1
-0.0405082067568,-0.226793492159,0.0743714846216,0.304154384997,0
-0.0450440765999,-0.422892186521,0.0804545723216,0.619334383242,1
-0.0535019203304,-0.228980667949,0.0928412599864,0.353036115083,1
-0.0580815336893,-0.0352930927549,0.099901982288,0.0910121059576,1
-0.0587873955444,0.158265556548,0.101722224407,-0.168555876052,0
-0.0556220844135,-0.0381541802513,0.0983511068862,0.154405501429,1
-0.0563851680185,0.155432059781,0.101439216915,-0.105701947133,1
-0.0532765268229,0.348965071375,0.0993251779721,-0.36473715634,1
-0.0462972253954,0.542545494476,0.0920304348453,-0.624523032403,0
-0.0354463155059,0.346267397381,0.0795399741972,-0.304333034462,1
-0.0285209675583,0.540171040546,0.073453313508,-0.570908817479,0
-0.0177175467473,0.344100049243,0.0620351371584,-0.256019523092,1
-0.0108355457625,0.538283961422,0.0569147466966,-0.528508469495,0
-6.98665340488e-05,0.34240940867,0.0463445773067,-0.218448479357,1
0.00677832163935,0.536839284704,0.0419756077195,-0.496159720401,1
0.0175151073334,0.731344967894,0.0320524133115,-0.77532404572,0
0.0321420066913,0.535797142138,0.0165459323971,-0.472731171224,0
0.0428579495341,0.340445461477,0.0070913089726,-0.174879477909,1
0.0496668587636,0.535465210373,0.00359371941442,-0.46531691875,0
0.0603761629711,0.340292663968,-0.00571261896059,-0.171503438371,1
0.0671820162504,0.535495910681,-0.009142687728,-0.465983031593,0
0.077891934464,0.340504327463,-0.0184623483599,-0.176195793751,0
0.0847020210133,0.145651393268,-0.0219862642349,0.110606173962,1
0.0876150488786,0.341081384366,-0.0197741407556,-0.188931403932,0
0.094436676566,0.146247834415,-0.0235527688343,0.0974485669652,1
0.0973616332542,0.341699291765,-0.021603797495,-0.202571179147,0
0.10419561909,0.146892861109,-0.0256552210779,0.0832192564452,1
0.107133476312,0.342372998685,-0.023990835949,-0.217446265463,0
0.113980936285,0.147602073615,-0.0283397612583,0.0675734201901,1
0.116932977758,0.343118627925,-0.0269882928545,-0.233914423053,0
0.123795350316,0.148392475358,-0.0316665813155,0.0501348431165,1
0.126763199823,0.34395384627,-0.0306638844532,-0.252368566906,0
0.133642276749,0.149282868633,-0.0357112557913,0.0304868579831,0
0.136627934121,-0.0453092481255,-0.0351015186317,0.311692053541,1
0.135721749159,0.150294743103,-0.0288676775608,0.00814907593575,0
0.138727644021,-0.044401566648,-0.0287046960421,0.291585943961,1
0.137839612688,0.151117660573,-0.0228729771629,-0.0100101019733,1
0.1408619659,0.346560046706,-0.0230731792024,-0.309821065809,0
0.147793166834,0.15177430699,-0.0292696005186,-0.0245031393919,0
0.150828652973,-0.0429159312933,-0.0297596633064,0.258803098325,1
0.149970334348,0.152617953338,-0.0245836013399,-0.043115908705,0
0.153022693414,-0.0421430088885,-0.025445919514,0.241710409922,1
0.152179833237,0.153333007114,-0.0206117113156,-0.058888984957,0
0.155246493379,-0.0414874401089,-0.0217894910147,0.227220197994,1
0.154416744577,0.153939019884,-0.0172450870548,-0.0722555094899,0
0.157495524974,-0.0409315083621,-0.0186901972446,0.214937014807,1
0.156676894807,0.154452589394,-0.0143914569485,-0.0835825422066,0
0.159765946595,-0.0404601402161,-0.0160631077926,0.204525333568,1
0.158956743791,0.154887796533,-0.0119726011213,-0.0931811197146,0
0.162054499721,-0.040060523268,-0.0138362235155,0.195700541216,1
0.161253289256,0.155256581547,-0.00992221269122,-0.101314792589,0
0.164358420887,-0.0397217748081,-0.011948508543,0.188221262638,1
0.163563985391,0.155569066252,-0.00818408329024,-0.108206866331,0
0.166675366716,-0.0394346562887,-0.0103482206169,0.181882828008,1
0.16588667359,0.155833829007,-0.0067105640567,-0.114046539795,0
0.16900335017,-0.0391913283468,-0.0089914948526,0.176511718503,1
0.168219523603,0.156058138818,-0.00546126048254,-0.118994107193,0
0.17134068638,-0.0389851412869,-0.00784114262641,0.171960847446,1
0.170560983554,0.156248154278,-0.00440192567748,-0.123185365534,0
0.173685946639,-0.038810456312,-0.00686563298815,0.168105553655,1
0.172909737513,0.156409092442,-0.00350352191505,-0.126735348209,0
0.176037919362,-0.0386624932554,-0.00603822887922,0.164840201175,1
0.175264669497,0.156545372055,-0.00274142485572,-0.12974148732,0
0.178395576938,-0.0385372010606,-0.00533625460212,0.162075294862,1
0.177624832917,0.156660734944,-0.00209474870488,-0.132286291777,0
0.180758047616,-0.0384311477265,-0.00474047454042,0.159735034517,1
0.179989424661,0.156758348865,-0.00154577385008,-0.134439614933,0
0.183124591638,-0.0383414268773,-0.00423456614874,0.157755241718,1
0.182357763101,0.156840894588,-0.00107946131437,-0.136260574269,1
0.185494580993,0.351978290659,-0.00380467279974,-0.429283859405,0
0.192534146806,0.156910426061,-0.0123903499878,-0.137802751393,0
0.195672355327,-0.0380318874178,-0.0151464050157,0.150945603651,1
0.194911717579,0.157303636798,-0.0121274929427,-0.146476946661,0
0.198057790315,-0.037642561484,-0.0150570318759,0.142355451557,1
0.197304939085,0.157691759167,-0.0122099228447,-0.155039416352,0
0.200458774268,-0.0372532611779,-0.0153107111718,0.133766689186,1
0.199713709045,0.158084616185,-0.0126353773881,-0.163706957732,0
0.202875401368,-0.0368541977415,-0.0159095165427,0.124963219472,1
0.202138317414,0.158492020765,-0.0134102521533,-0.172696226159,0
0.205308157829,-0.0364354562229,-0.0168641766764,0.115726202686,1
0.204579448704,0.158924020776,-0.0145496526227,-0.182229176491,0
0.20775792912,-0.0359867490418,-0.0181942361525,0.105828585987,1
0.207038194139,0.159391145913,-0.0160776644328,-0.192538561106,0
0.210226017057,-0.0354971634581,-0.0199284356549,0.0950294913612,0
0.209516073788,-0.230327902097,-0.0180278458277,0.381358997275,1
0.204909515746,-0.0349546646024,-0.0104006658822,0.0830468628609,1
0.204210422454,0.160314821116,-0.00873972862497,-0.212899264211,0
0.207416718877,-0.0346810926564,-0.0129977139092,0.0770139882547,1
0.206723097023,0.160624754461,-0.0114574341441,-0.219741256753,0
0.209935592113,-0.0343315619597,-0.0158522592792,0.0693056118014,0
0.209248960873,-0.229222697714,-0.0144661470431,0.356945215919,1
0.204664506919,-0.0338980985107,-0.00732724272475,0.0597360742838,1
0.203986544949,0.161328139904,-0.00613252123907,-0.235249612408,0
0.207213107747,-0.0337056586139,-0.0108375134872,0.0554926343466,0
0.206538994575,-0.228670553291,-0.00972766080031,0.344736635717,1
0.201965583509,-0.0334115817555,-0.00283292808597,0.0490021487684,1
0.201297351874,0.16175087634,-0.0018528851106,-0.244573243414,0
0.204532369401,-0.0333445609762,-0.00674434997887,0.0475246623005,1
0.203865478181,0.161873446571,-0.00579385673286,-0.247278513105,0
0.207102947113,-0.0331652806973,-0.010739426995,0.0435712830533,0
0.206439641499,-0.22813159926,-0.00986800133389,0.332846565343,1
0.201877009513,-0.0328705934351,-0.00321107002703,0.0370681716966,0
0.201219597645,-0.227946350656,-0.0024697065931,0.328736245998,1
0.196660670632,-0.0327893278574,0.00410501832686,0.0352755115626,1
0.196004884074,0.162273516523,0.00481052855812,-0.256109417735,0
0.199250354405,-0.0329167853111,-0.000311659796573,0.0380869372637,1
0.198592018699,0.162209633738,0.000450078948701,-0.254694305074,0
0.201836211373,-0.0329187408952,-0.00464380715277,0.0381305504368,0
0.201177836555,-0.227973792889,-0.00388119614403,0.329344699274,1
0.196618360698,-0.0327968060397,0.00270569784145,0.0354403552587,1
0.195962424577,0.162286240519,0.00341450494662,-0.256387669261,0
0.199208149387,-0.0328842938451,-0.00171324843861,0.0373702881922,0
0.19855046351,-0.227981635056,-0.000965842674763,0.329512175723,1
0.193990830809,-0.0328459478786,0.00562440083971,0.0365248237801,1
0.193333911852,0.162194898772,0.00635489731531,-0.254378253655,0
0.196577809827,-0.0330172104988,0.00126733224221,0.0403023248171,1
0.195917465617,0.162086544421,0.00207337873856,-0.251980476961,0
0.199159196506,-0.0330649521771,-0.00296623080066,0.0413557116458,0
0.198497897462,-0.228144242914,-0.00213911656774,0.333101289869,1
0.193935012604,-0.0329919106262,0.00452290922963,0.0397445613811,1
0.193275174391,0.162064891346,0.00531780045725,-0.251507918137,0
0.196516472218,-0.0331325914009,0.000287642094515,0.042847591966,1
0.19585382039,0.161985233944,0.00114459393384,-0.249744567169,0
0.199093525069,-0.0331530440572,-0.00385029740955,0.0432991686385,0
0.198430464188,-0.22821957237,-0.00298431403678,0.334764807604,1
0.19386607274,-0.0330552754428,0.00371098211529,0.0411422788065,1
0.193204967232,0.162013264917,0.00453382769142,-0.250367490724,0
0.19644523253,-0.0331731362985,-0.000473522123067,0.0437420427496,1
0.195781769804,0.161955601835,0.000401318731924,-0.249090247135,0
0.199020881841,-0.0331720782896,-0.00458048621078,0.0437192371855,0
0.198357440275,-0.228228048649,-0.00370610146707,0.334953465163,1
0.193792879302,-0.0330535488091,0.00299296783618,0.0411041346322,1
0.193131808326,0.162025356197,0.00381505052883,-0.250632981031,0
0.19637231545,-0.0331508662394,-0.00119760909179,0.0432508442252,1
0.195709298125,0.161988237766,-0.00033259220729,-0.24980969886,0
0.19894906288,-0.0331289622649,-0.0053287861845,0.0427683028911,0
0.198286483635,-0.228174096596,-0.00447342012667,0.333765194804,1
0.193723001703,-0.0329887628203,0.0022018837694,0.0396749424656,1
0.193063226447,0.162101544438,0.00299538261871,-0.252312455727,0
0.196305257335,-0.0330630505275,-0.00205086649582,0.0413137645874,0
0.195643996325,-0.228155532776,-0.00122459120407,0.333348918206,1
0.191080885669,-0.033016173316,0.00544238716006,0.0402800687689,1
0.190420562203,0.162027313552,0.00624798853543,-0.250680774789,0
0.193661108474,-0.0331832999934,0.00123437303966,0.043966326846,1
0.192997442474,0.161920929104,0.00211369957658,-0.248326888262,0
0.196235861056,-0.0332311446089,-0.00285283818866,0.0450219956062,0
0.195571238164,-0.228312071644,-0.00195239827654,0.336803462094,1
0.191004996731,-0.0331623907495,0.00478367096534,0.0435054939348,1
0.190341748916,0.161890638913,0.00565378084403,-0.247664309042,0
0.193579561694,-0.033311599183,0.000700494663191,0.0467965710624,1
0.192913329711,0.161800300413,0.00163642608444,-0.245665261112,0
0.196149335719,-0.0333449849208,-0.00327687913779,0.0475333840092,1
0.195482436021,0.161823800637,-0.00232621145761,-0.246181623289,0
0.198718912033,-0.033264849724,-0.00724984392339,0.0457666549449,0
0.198053615039,-0.228282096032,-0.00633451082449,0.336153401385,1
0.193487973118,-0.0330705725619,0.000388557203201,0.041479657229,1
0.192826561667,0.162045804676,0.00121815034778,-0.251080650719,0
0.19606747776,-0.0330935204762,-0.00380346266661,0.0419862559485,0
0.195405607351,-0.228160725063,-0.00296373754764,0.333466731073,1
0.19084239285,-0.0329967167214,0.00370559707382,0.0398506666994,1
0.190182458515,0.162071901049,0.00450261040781,-0.25166080798,0
0.193423896536,-0.0331140555701,-0.000530605751794,0.0424389221129,0
0.192761615425,-0.228228394041,0.000318172690464,0.334954390536,1
0.188197047544,-0.0331109725019,0.00701726050118,0.0423718158109,1
0.187534828094,0.161909653867,0.00786469681739,-0.248088863719,0
0.190773021171,-0.0333237281366,0.00290291954301,0.0470643494653,1
0.190106546609,0.161756477189,0.00384420653231,-0.244701268429,0
0.193341676152,-0.0334201694182,-0.00104981883627,0.0491917321913,1
0.192673272764,0.161716819514,-6.59841924394e-05,-0.24382223659,0
0.195907609154,-0.0334041891606,-0.00494242892423,0.0488398764323,0
0.195239525371,-0.228454922745,-0.00396563139559,0.339959335161,1
0.190670426916,-0.0332767708918,0.00283355530764,0.0460285168672,1
0.190004891498,0.161804434464,0.00375412564498,-0.245759052287,0
0.193240980188,-0.0333709334264,-0.00116105540075,0.0481056468769,1
0.192573561519,0.161767647142,-0.000198942463214,-0.244943376895,0
0.195808914462,-0.033351462031,-0.00509781000111,0.0476767919894,0
0.195141885221,-0.228399944878,-0.00414427416133,0.338746964978,1
0.190573886324,-0.0332192686196,0.00263066513823,0.0447600516435,1
0.189909500951,0.161864861543,0.0035258661711,-0.247091716398,0
0.193146798182,-0.0333072677839,-0.00141596815686,0.0467012603556,1
0.192480652827,0.161834958823,-0.000481942949745,-0.246428080613,0
0.195717352003,-0.0332801058676,-0.00541050456201,0.0461027912111,0
0.195051749886,-0.228324057494,-0.00448844873779,0.337073755857,1
0.190485268736,-0.0331385214702,0.00225302637935,0.0429788015,1
0.189822498306,0.161951049763,0.00311260240935,-0.24899242343,0
0.193061519302,-0.0332152138235,-0.00186724605924,0.0446706574603,0
0.192397215025,-0.228310339927,-0.000973832910037,0.336763866428,1
0.187831008227,-0.0331745438168,0.00576144441853,0.0437740042254,1
0.18716751735,0.161864318743,0.00663692450304,-0.247085578715,0
0.190404803725,-0.0333517883962,0.00169521292875,0.0476833742252,1
0.189737767957,0.161745813772,0.00264888041325,-0.244464216169,0
0.192972684233,-0.0334138714519,-0.00224040391013,0.0490530545849,1
0.192304406804,0.161740133397,-0.00125934281843,-0.244335896218,0
0.0461464102004,0.00567209175341,-0.0103481099632,-0.038735679874,0
0.0462598520355,-0.189299950545,-0.0111228235607,0.250664434982,0
0.0424738530246,-0.384261314359,-0.00610953486103,0.539818348135,0
0.0347886267374,-0.579296852322,0.00468683210167,0.830570003038,1
0.023202689691,-0.384239275338,0.0212982321624,0.539364774682,0
0.0155179041842,-0.579654052535,0.0320855276561,0.8386816676,1
0.00392482313352,-0.384984583686,0.0488591610081,0.556259284506,1
-0.00377486854019,-0.190581416345,0.0599843466982,0.279361405041,0
-0.00758649686709,-0.386505483874,0.065571574799,0.590343769962,1
-0.0153166065446,-0.192359945111,0.0773784501982,0.319015534437,1
-0.0191638054468,0.00157958902097,0.083758760887,0.0517032671043,1
-0.0191322136664,0.195406880304,0.0847928262291,-0.213422122221,0
-0.0152240760603,-0.000818556167023,0.0805243837846,0.104757775656,1
-0.0152404471836,0.19306261575,0.0826195392978,-0.161473029254,1
-0.0113791948686,0.386910566077,0.0793900787127,-0.426990596307,0
-0.00364098354712,0.190759200708,0.0708502667865,-0.110374113884,1
0.000174200467038,0.384798142514,0.0686427845089,-0.379889754504,1
0.00787016331731,0.578881593469,0.0610449894188,-0.650164199611,0
0.0194477951867,0.382964854944,0.0480417054266,-0.338900400966,1
0.0271070922856,0.577371452712,0.0412636974072,-0.616055014844,0
0.0386545213398,0.381698030045,0.0289425971104,-0.310666639554,1
0.0462884819407,0.576395928348,0.0227292643193,-0.594083239911,0
0.0578164005077,0.38096333045,0.0108475995211,-0.294328234668,1
0.0654356671167,0.575928961608,0.00496103482771,-0.583570343594,0
0.0769542463488,0.380737862855,-0.00671037204416,-0.289328760213,0
0.0845690036059,0.185712239836,-0.0124969472484,0.00123025339344,1
0.0882832484026,0.381011165258,-0.0124723421806,-0.29536926648,0
0.0959034717078,0.186069224361,-0.0183797275102,-0.00664587214838,1
0.099624856195,0.381449878719,-0.0185126449531,-0.305070688938,0
0.107253853769,0.186596570209,-0.0246140587319,-0.0182832162835,1
0.110985785174,0.382062709078,-0.0249797230575,-0.318629414002,0
0.118627039355,0.187305270986,-0.0313523113376,-0.0339276714833,0
0.122373144775,-0.00735337587705,-0.0320308647673,0.248700733724,1
0.122226077257,0.188211021878,-0.0270568500928,-0.0539108564877,0
0.125990297695,-0.00651273248726,-0.0281350672225,0.230114124169,1
0.125860043045,0.188999729357,-0.0235327847392,-0.0713091216609,0
0.129640037632,-0.00577707744837,-0.0249589671724,0.213857192759,1
0.129524496083,0.189692651715,-0.0206818233172,-0.0865932543311,0
0.133318349118,-0.00512683118307,-0.0224136884038,0.199493450907,1
0.133215812494,0.190308404493,-0.0184238193857,-0.10017484225,0
0.137021980584,-0.00454472335328,-0.0204273162307,0.186638949162,1
0.136931086117,0.190863444384,-0.0166945372474,-0.11241736364,0
0.140748355004,-0.00401535920814,-0.0189428845202,0.174952141083,1
0.14066804782,0.191372500577,-0.0154438416986,-0.123645941462,0
0.144495497832,-0.00352482781094,-0.0179167605278,0.164124878795,1
0.144425001276,0.191848961603,-0.0146342629519,-0.134156014612,0
0.148261980508,-0.00306034570302,-0.0173173832441,0.153874320593,1
0.148200773594,0.192305225939,-0.0142398968323,-0.144221152778,0
0.152046878112,-0.00260992908537,-0.0171243198879,0.143935549185,1
0.151994679531,0.192753024385,-0.0142456089041,-0.154100219548,0
0.155849740018,-0.00216208750775,-0.0173276132951,0.134054714761,1
0.155806498268,0.193203721919,-0.0146465189999,-0.164044070489,0
0.159670572707,-0.00170553214203,-0.0179274004097,0.123982529507,1
0.159636462064,0.193668606295,-0.0154477498195,-0.174301959094,0
0.16350983419,-0.00122889185973,-0.0189337890014,0.113467949287,1
0.163485256352,0.194159170315,-0.0166644300157,-0.185127813667,0
0.167368439759,-0.000720430469184,-0.020366986289,0.102251883761,1
0.167354031149,0.194687394384,-0.0183219486138,-0.196786542176,0
0.171247779037,-0.0001677585695,-0.0222576794573,0.0900607783571,0
0.171244423866,-0.194963723609,-0.0204564638902,0.375639134363,1
0.167345149393,0.000442723075826,-0.0129436812029,0.0765770096118,1
0.167354003855,0.195747816744,-0.0114121410107,-0.220161426349,0
0.17126896019,0.00079083623038,-0.0158153695376,0.0688999050438,0
0.171284776914,-0.19410084392,-0.0144373714368,0.356551340626,1
0.167402760036,0.00122336219739,-0.00730634462426,0.0593511258664,1
0.16742722728,0.196449305704,-0.00611932210693,-0.235628019375,0
0.171356213394,0.00141531524696,-0.0108318824944,0.0551184194097,0
0.171384519699,-0.193549661453,-0.00972951410623,0.344364217065,1
0.16751352647,0.00170933836198,-0.00284222976494,0.0486291481326,1
0.167547713237,0.19687192918,-0.00186964680229,-0.244949170089,0
0.171485151821,0.0017767318265,-0.00676863020407,0.0471434386238,0
0.171520686457,-0.193247511208,-0.00582576143159,0.337683139933,1
0.167655736233,0.00195685520041,0.000927901367074,0.0431687949878,1
0.167694873337,0.197065488359,0.00179127726683,-0.249221225796,0
0.171636183104,0.00191800201888,-0.00319314724909,0.0440261693259,1
0.171674543145,0.197085595686,-0.00231262386257,-0.249662512398,0
0.175616255058,0.00199674647091,-0.00730587411054,0.0422900680809,0
0.175656189988,-0.193019682666,-0.00646007274892,0.332658997072,1
0.171795796335,0.00219361933427,0.000193107192522,0.0379459059328,1
0.171839668721,0.197312800853,0.000952025311179,-0.254676087374,0
0.175785924738,0.00217726938885,-0.0041414964363,0.0383069725754,1
0.175829470126,0.197358364164,-0.00337535698479,-0.255679755254,0
0.179776637409,0.00228476748354,-0.00848895208988,0.0359366198389,0
0.179822332759,-0.192714428107,-0.0077702196931,0.32592915228,1
0.175968044197,0.00251728718679,-0.00125163664751,0.0308059982206,1
0.176018389941,0.197657165161,-0.000635516683098,-0.262271570541,0
0.179971533244,0.0025442912959,-0.00588094809391,0.0302108392633,0
0.18002241907,-0.192492832138,-0.00527673130864,0.321032476556,1
0.176172562427,0.00270386548094,0.00114391822247,0.0266901545895,1
0.176226639737,0.197809393368,0.00167772131426,-0.265631633878,0
0.180182827604,0.00266353689895,-0.0036349113633,0.0275799886955,1
0.180236098342,0.197837426222,-0.00308331158938,-0.266247572815,0
0.184192846866,0.00275961638434,-0.00840826304569,0.0254612588452,0
0.184248039194,-0.192240750309,-0.00789903786879,0.315479469007,1
0.180403224188,0.00299282165873,-0.00158944848864,0.0203159541943,0
0.180463080621,-0.192106299157,-0.00118312940476,0.312496968093,1
0.176620954638,0.00303248714723,0.0050668099571,0.0194411535386,1
0.176681604381,0.198081409617,0.00545563302787,-0.271638838866,0
0.180643232573,0.00288203603665,2.28562505556e-05,0.022759812243,1
0.180700873294,0.198003659468,0.000478052495417,-0.26991590309,0
0.184660946483,0.00287488951912,-0.00492026556639,0.0229177658165,0
0.184718444274,-0.192176156043,-0.00446191025006,0.314044240432,1
0.180874921153,0.00300907100351,0.00181897455858,0.0199575170013,1
0.180935102573,0.198104888998,0.00221812489861,-0.272150947635,0
0.184897200353,0.00295135726293,-0.00322489405409,0.0212307580257,1
0.184956227498,0.198119407927,-0.00280027889358,-0.272467912878,0
0.188918615657,0.00303752570867,-0.00824963715113,0.0193304822215,0
0.188979366171,-0.191965150975,-0.0078630275067,0.30939917809,1
0.185140063151,0.00326794536838,-0.0016750439449,0.0142468802994,0
0.185205422059,-0.191829943593,-0.00139010633891,0.306400840501,1
0.181368823187,0.00331178884621,0.00473791047112,0.0132798335293,1
0.181435058964,0.198365472951,0.0050035071417,-0.277904468272,0
0.185402368423,0.00317249987123,-0.000554582223744,0.0163523513118,1
0.18546581842,0.198302400074,-0.000227535197509,-0.276505501147,0
0.189431866422,0.00318369580907,-0.00575764522044,0.0161056523266,0
0.189495540338,-0.191855212544,-0.00543553217391,0.306966427303,1
0.185658436087,0.0033437689561,0.000703796372146,0.0125742418185,1
0.185725311466,0.198455619746,0.000955281208516,-0.279886545767,0
0.189694423861,0.00332005444226,-0.00464244970682,0.0130975212667,0
0.18976082495,-0.191735011389,-0.00438049928148,0.304312091788,1
0.185926124722,0.0034490919853,0.00170574255427,0.0102508830602,1
0.185995106562,0.198546539048,0.00191076021547,-0.28189337373,0
0.189966037343,0.00339738506341,-0.00372710725913,0.01139158604,0
0.190033985044,-0.191670916677,-0.00349927553833,0.302896239337,1
0.186200566711,0.00350073078412,0.00255864924841,0.00911177563239,1
0.186270581326,0.198585894146,0.00274088476105,-0.282762769481,0
0.190242299209,0.00342495590421,-0.00291437062858,0.01078335739,0
0.190310798327,-0.191655078305,-0.00269870348078,0.30254534226,1
0.186477696761,0.00350523108573,0.00335220336443,0.00901252632781,1
0.186547801383,0.198578947032,0.00353245389098,-0.282610857579,0
0.190519380323,0.003406789127,-0.00211976326059,0.0111840920129,1
0.190587516106,0.198559076341,-0.00189608142034,-0.282166891068,0
0.194558697633,0.00346422167936,-0.00753941924169,0.00991741727852,0
0.194627982066,-0.191548796967,-0.00734107089612,0.300212063209,1
0.190797006127,0.0036770168686,-0.00133682963195,0.00522297769505,0
0.190870546464,-0.191425736804,-0.00123237007804,0.297483818906,1
0.187042031728,0.0037137603026,0.00471730630007,0.00441247880906,1
0.187116306934,0.198767741942,0.00480555587625,-0.286778355349,0
0.191091661773,0.00357758847828,-0.000930011230724,0.00741632214493,1
0.191163213543,0.198712865013,-0.000781684787826,-0.285559889337,0
0.195137470843,0.0036020708284,-0.00649288257456,0.00687639722147,0
0.19520951226,-0.191426164275,-0.00635535463013,0.297503689403,1
0.191380988974,0.00378580387402,-0.000405280842061,0.00282318901301,1
0.191456705052,0.198913565065,-0.000348817061801,-0.2899875813,0
0.195434976353,0.00379658951174,-0.0061485686878,0.00258531201031,0
0.195510908143,-0.191236645001,-0.0060968624476,0.293321966084,1
0.191686175243,0.00397169928115,-0.00023042312592,-0.00127757463667,0
0.191765609229,-0.191146946576,-0.000255974618653,0.291332641981,1
0.187942670297,0.00397865356262,0.00557067822096,-0.00143100517528,1
0.188022243369,0.199020271898,0.00554205811746,-0.292351122299,0
0.192002648806,0.0038197418904,-0.000304964328516,0.00207453286853,1
0.192079043644,0.198946065415,-0.000263473671146,-0.290704598319,0
0.196057964953,0.00382787206181,-0.00607756563753,0.00189522029375,0
0.196134522394,-0.191206393029,-0.00603966123166,0.292654421692,1
0.192310394533,0.00400114798861,-0.000186572797823,-0.00192719894393,0
0.192390417493,-0.191118127008,-0.000225116776702,0.290696856054,1
0.188568054953,0.00400703343273,0.00558882034438,-0.00205706152179,1
0.188648195622,0.199048388723,0.00554767911395,-0.292971420767,0
0.192629163396,0.00384778143129,-0.000311749301389,0.00145599374635,1
0.192706119025,0.198974202203,-0.000282629426462,-0.291325277482,0
0.196685603069,0.00385628204192,-0.0061091349761,0.00126849802049,0
0.19676272871,-0.191177524831,-0.00608376501569,0.292017674616,1
0.192939178213,0.00403063953841,-0.000243411523373,-0.00257776902383,0
0.193019791004,-0.191087819959,-0.00029496690385,0.290028348565,1
0.189198034604,0.00403833606823,0.00550560006746,-0.00274759301188,1
0.189278801326,0.199080897977,0.00545064820722,-0.293688363599,0
0.193260419285,0.00388166103226,-0.000423119064768,0.000708625002591,1
0.193338052506,0.199009677841,-0.000408946564716,-0.292107771012,0
0.197318246063,0.00389355985786,-0.00625110198496,0.000446151203457,0
0.19739611726,-0.191138186113,-0.00624217896089,0.291150242328,1
0.193573353538,0.00407221197812,-0.000419174114334,-0.00349483877315,0
0.193654797777,-0.191043725168,-0.000489070889797,0.289055804048,1
0.189833923274,0.00408519676044,0.00529204519117,-0.00378133067621,1
0.189915627209,0.199130854114,0.00521641857764,-0.294789865894,0
0.193898244291,0.00393492407108,-0.000679378740233,-0.000466334323945,1
0.193976942773,0.199066611983,-0.000688705426712,-0.293363535978,0
0.197958275013,0.00395448674952,-0.00655597614626,-0.000897896915717,0
0.198037364748,-0.191072831537,-0.00657393408458,0.289709350531,1
0.194215908117,0.00414224120411,-0.00077974707396,-0.00503965390333,0
0.194298752941,-0.190968518645,-0.000880540152027,0.287397151283,1
0.190479382568,0.00416597877563,0.00486740287362,-0.0055633601464,1
0.190562702143,0.199217787438,0.0047561356707,-0.296706596534,0
0.194547057892,0.00402835886513,-0.00117799625999,-0.00252746656253,0
0.19462762507,-0.191076678377,-0.00122854559124,0.289783555423,1
0.190806091502,0.00406276976566,0.00456712551722,-0.00328658820691,1
0.190887346897,0.19911892498,0.00450139375308,-0.294525039345,0
0.194869725397,0.00393308839243,-0.00138910703383,-0.000425845386624,0
0.194948387165,-0.191168913479,-0.00139762394156,0.291818477729,1
0.191125008895,0.00397293768031,0.00443874561302,-0.00130491442875,1
0.191204467649,0.199030950433,0.00441264732444,-0.292584064295,0
0.195185086657,0.00384636283273,-0.00143903396147,0.00148728081702,1
0.195262013914,0.198988922305,-0.00140928834513,-0.291649331151,0
0.19924179236,0.00388709371949,-0.00724227496816,0.000588790472687,0
0.199319534235,-0.19113024788,-0.0072304991587,0.290977921103,1
0.195496929277,0.00409405161569,-0.00141094073665,-0.00397662164163,0
0.195578810309,-0.191007636278,-0.00149047316948,0.288260802461,1
0.191758657584,0.0041355379268,0.00427474287973,-0.00489183266198,1
0.191841368342,0.199195923115,0.00417690622649,-0.296222966552,0
0.195825286805,0.00401467638124,-0.00174755310456,-0.00222564351777,0
0.195905580332,-0.191082168833,-0.00179206597491,0.289905397091,1
