-0.00619371297954,0.013306030075,0.0100186838718,0.0280482224464,0
-0.00592759237803,-0.181958152371,0.0105796483207,0.323875240432,0
-0.00956675542545,-0.377229138046,0.0170571531293,0.619875685322,1
-0.0171113381864,-0.18234951829,0.0294546668358,0.33261333916,0
-0.0207583285522,-0.377878060764,0.036106933619,0.634437354909,1
-0.0283158897674,-0.183277865512,0.0487956807172,0.353340450178,1
-0.0319814470777,0.0111174948487,0.0558624897207,0.0764347227906,0
-0.0317590971807,-0.184758942797,0.0573911841766,0.386206088211,1
-0.0354542760366,0.00950332083458,0.0651153059408,0.112156196368,1
-0.03526420962,0.203634716213,0.0673584298681,-0.159293402062,0
-0.0311915152957,0.00761630933943,0.0641725618269,0.153855842138,1
-0.0310391891089,0.201763516434,0.0672496786697,-0.117911746867,1
-0.0270039187802,0.395860692465,0.0648914437323,-0.388642896691,0
-0.0190867049309,0.199880568605,0.0571185857985,-0.0762267352307,1
-0.0150890935588,0.394139136504,0.0555940510939,-0.350355650576,0
-0.00720631082874,0.198272430657,0.0485869380824,-0.0406732656583,1
-0.0032408622156,0.392665196863,0.0477734727692,-0.317639366572,1
0.00461244172165,0.587075307914,0.0414206854378,-0.594881760147,0
0.0163539478799,0.39139884979,0.0295230502348,-0.28944462494,1
0.0241819248757,0.586087643023,0.023734157736,-0.572672038509,0
0.0359036777362,0.390641084566,0.0122807169658,-0.272607582456,1
0.0437164994275,0.585585669231,0.00682856531673,-0.561391969123,0
0.0554282128121,0.390368555077,-0.00439927406572,-0.266565542394,0
0.0632355839137,0.195309666322,-0.0097305849136,0.02472657702,1
0.0671417772401,0.390569801013,-0.0092360533732,-0.271010505897,0
0.0749531732604,0.195580856028,-0.0146562634911,0.018745075481,1
0.0788647903809,0.390909894524,-0.0142813619815,-0.278525801633,0
0.0866829882714,0.195994558907,-0.0198518780142,0.00961880879749,1
0.0906028794495,0.391395504608,-0.0196595018382,-0.289260925236,0
0.0984307895417,0.196559331345,-0.025444720343,-0.00284266230553,1
0.102361976169,0.39203678101,-0.0255015735891,-0.303443863486,0
0.110202711789,0.197287375683,-0.0315704508588,-0.0189113889446,0
0.114148459302,0.00263207038808,-0.0319486786377,0.263645901551,1
0.11420110071,0.198195133506,-0.0266757606067,-0.0389403084778,0
0.11816500338,0.00346566758076,-0.0274545667762,0.245208226496,1
0.118234316732,0.198968769532,-0.0225504022463,-0.0560065412171,0
0.122213692123,0.00417729218412,-0.0236705330706,0.229477129963,1
0.122297237966,0.199629359253,-0.0190809904714,-0.0705773283705,0
0.126289825151,0.00478608827743,-0.0204925370388,0.216024904393,1
0.126385546917,0.200194913658,-0.0161720389509,-0.0830511744661,0
0.13038944519,0.0053084730433,-0.0178330624402,0.204485887887,1
0.130495614651,0.200680849043,-0.0137433446825,-0.0937687208529,0
0.134509231632,0.00575854853742,-0.0156187190996,0.194546701575,1
0.134624402603,0.201100395429,-0.0117277850681,-0.103022046801,1
0.138646410511,0.396388438109,-0.0137882260041,-0.399381855747,0
0.146574179273,0.201464770958,-0.021775863119,-0.111077758041,0
0.150603474692,0.00666151462604,-0.0239974182798,0.174656251336,1
0.150736704985,0.20211854327,-0.0205042932531,-0.125499440245,0
0.15477907585,0.00729624861703,-0.023014282058,0.160644732792,1
0.154925000823,0.202739989238,-0.0198013874022,-0.139208844577,0
0.158979800607,0.00790715931486,-0.0225855642937,0.147161879987,1
0.159137943794,0.203345139807,-0.019642326694,-0.152559914497,0
0.16320484659,0.00850986950795,-0.0226935249839,0.133862141398,1
0.16337504398,0.203949407249,-0.0200162821559,-0.165893004201,0
0.167454032125,0.00911961561395,-0.02333414224,0.120408747059,1
0.167636424437,0.204567975817,-0.0209259672988,-0.179543598542,0
0.171727783954,0.00975162915651,-0.0245168392696,0.106465156405,1
0.171922816537,0.205216180733,-0.0223875361415,-0.193850787353,0
0.176027140151,0.0104215141502,-0.0262645518886,0.0916866061792,0
0.176235570434,-0.184314326487,-0.024430819765,0.375968731937,1
0.172549283905,0.0111459555988,-0.0169114451263,0.075683855482,1
0.172772203017,0.20650621311,-0.0153977680166,-0.222286355327,0
0.176902327279,0.0116076921375,-0.0198434951232,0.0655000053483,0
0.177134481122,-0.18322421931,-0.0185334950162,0.351856731315,1
0.173469996735,0.0121563200507,-0.0114963603899,0.0533877187412,1
0.173713123136,0.207441210948,-0.0104286060151,-0.24290011576,0
0.177861947355,0.0124697615587,-0.0152866083303,0.0464752006638,0
0.178111342587,-0.182429691449,-0.014357104317,0.33429613489,1
0.174462748758,0.0128936223418,-0.00767118161918,0.0371205159996,1
0.174720621204,0.208124734278,-0.00692877129919,-0.257972840645,0
0.17888311589,0.0131023837968,-0.0120882281121,0.0325166206858,0
0.179145163566,-0.181844149614,-0.0114378956984,0.32136120359,1
0.175508280574,0.0134388017885,-0.00501067162657,0.0250932692503,0
0.175777056609,-0.181610935028,-0.00450880624157,0.316191070379,1
0.172144837909,0.0135749480754,0.001815015166,0.0220896371738,1
0.17241633687,0.208670823216,0.00225680790948,-0.270020079346,0
0.176589753335,0.0135167394386,-0.00314359367743,0.023373801816,1
0.176860088123,0.208683631297,-0.00267611764111,-0.270299304486,0
0.181033760749,0.0135999708125,-0.00808210373083,0.0215383607601,0
0.181305760166,-0.181405147903,-0.00765133651563,0.311660372897,1
0.177677657208,0.0138249690623,-0.0014181290577,0.0165742984308,1
0.177954156589,0.208967229205,-0.00108664308908,-0.27655572725,0
0.182133501173,0.0138607977995,-0.00661775763408,0.0157842740678,0
0.182410717129,-0.181165624519,-0.00630207215272,0.306371895181,1
0.178787404639,0.0140455608527,-0.000174634249103,0.0117081349275,1
0.179068315856,0.209170016124,5.95284494475e-05,-0.281029885985,0
0.183251716178,0.0140472158168,-0.00556106927026,0.011671815321,0
0.183532660494,-0.180994542571,-0.00532763296384,0.302594983154,1
0.179912769643,0.0142029319458,0.000724266699231,0.00823661000343,1
0.180196828282,0.209314488684,0.0008889988993,-0.284217713951,0
0.184383118056,0.0141798692714,-0.00479535537972,0.00874546514505,0
0.184666715441,-0.180872982755,-0.00462044607682,0.299911550118,1
0.181049255786,0.0143145211255,0.00137778492554,0.00577501320304,1
0.181335546208,0.209416685863,0.0014932851896,-0.286472887493,0
0.185523879926,0.0142734701808,-0.00423617256026,0.00668063535072,0
0.185809349329,-0.180787472911,-0.00410255985324,0.298023993685,1
0.182193599871,0.0143927184963,0.00185792002046,0.0040500211652,1
0.182481454241,0.209487975239,0.00193892044376,-0.288046130695,0
0.186671213746,0.0143384277631,-0.00382200217013,0.0052476825364,0
0.186957982301,-0.180728502491,-0.0037170485194,0.296722274909,1
0.183343412251,0.0144462395584,0.00221739697877,0.00286937455019,1
0.183632337042,0.209536319995,0.00227478446977,-0.289113112506,0
0.187823063442,0.0143820045447,-0.00350747778035,0.00428638933642,1
0.188110703533,0.209554081965,-0.00342174999362,-0.289501122335,0
0.192301785173,0.0144810906,-0.00921177244031,0.00210065918845,0
0.192591406985,-0.180507547179,-0.00916975925654,0.291862983573,1
0.188981256041,0.0147439411255,-0.00333249958509,-0.00369780719563,0
0.189276134863,-0.180330059055,-0.003406455729,0.287931815208,1
0.185669533682,0.0148403041121,0.00235218057516,-0.00582352703222,1
0.185966339765,0.209928442844,0.00223571003451,-0.297763385148,0
0.190164908621,0.0147746931421,-0.00371955766844,-0.00437619398458,0
0.190460402484,-0.180293717267,-0.00380708154813,0.287130850104,1
0.186854528139,0.0148823193418,0.00193553545394,-0.00675036244132,1
0.187152174526,0.209976458827,0.00180052820512,-0.29882197644,0
0.191351703702,0.014828888601,-0.00417591132369,-0.0055717405821,0
0.191648281474,-0.18023292587,-0.00428734613533,0.285790715617,1
0.188043622957,0.0149499072659,0.00142846817702,-0.00824131920239,1
0.188342621102,0.210051343154,0.00126364179297,-0.300473204952,0
0.192543647965,0.0149114035852,-0.00474582230606,-0.00739201870859,0
0.192841876037,-0.180142165424,-0.00489366268024,0.283789773422,1
0.189239032729,0.0150492404255,0.000782132788213,-0.0104325606212,1
0.189540017537,0.210159966071,0.000573481575789,-0.302868612556,0
0.193743216858,0.0150298463055,-0.00548389067533,-0.0100048774654,0
0.194043813785,-0.180013030828,-0.00568398822464,0.280942783316,1
0.190443553168,0.0151895362094,-6.51325583183e-05,-0.0135274208793,0
0.190747343892,-0.179931480865,-0.000335680975904,0.279134955139,1
0.187148714275,0.0151952573847,0.00524701812688,-0.0136538259498,1
0.187452619423,0.210241568108,0.00497394160789,-0.304676648399,0
0.191657450785,0.0150490882652,-0.0011195913601,-0.0104292176346,0
0.19195843255,-0.180056788613,-0.0013281757128,0.28190025447,1
0.188357296778,0.0150840824063,0.00430982937661,-0.0112012774251,1
0.188658978426,0.21014396055,0.00408580382811,-0.302521291358,0
0.192861857637,0.0149640167953,-0.00196462199905,-0.00855259645853,1
0.193161137973,0.210114088242,-0.00213567392822,-0.301854737204,0
0.197363419738,0.0150226408806,-0.0081727686723,-0.00984612119289,0
0.197663872555,-0.179981153832,-0.00836969109616,0.280247034856,1
0.194064249479,0.015259183371,-0.00276475039905,-0.01506387377,0
0.194369433146,-0.179823008986,-0.00306602787445,0.2767454608,1
0.190772972966,0.0153425499486,0.00246888134156,-0.0169029123905,1
0.191079823965,0.21042900762,0.00213082309375,-0.308805856677,0
0.195288404118,0.015276760447,-0.00404529403979,-0.0154516889549,0
0.195593939327,-0.179786943344,-0.00435432781888,0.275952159455,1
0.19199820046,0.0153968602447,0.00116471537022,-0.0181009387271,0
0.192306137665,-0.179741774941,0.000802696595677,0.274949241754,1
0.188711302166,0.0153687144428,0.00630168143076,-0.0174804052618,1
0.189018676455,0.210399727906,0.00595207332553,-0.308168434713,0
0.193226671013,0.0151934747403,-0.000211295368727,-0.0136143424278,1
0.193530540508,0.210318455569,-0.000483582217284,-0.306363927975,0
0.197736909619,0.0152033986821,-0.00661086077678,-0.0138335500323,0
0.198040977593,-0.179823123466,-0.00688753177743,0.276756261799,1
0.194444515123,0.0153964096298,-0.00135240654146,-0.0180910105735,0
0.194752443316,-0.179706120446,-0.00171422675293,0.274164909506,1
0.191158320907,0.0154402475765,0.00376907143718,-0.0190581948576,1
0.191467125859,0.21050794388,0.00338790754003,-0.310549556602,0
0.195677284736,0.0153378881563,-0.00282308359202,-0.0168001102133,0
0.195984042499,-0.179743463143,-0.00315908579628,0.274990765193,1
0.192389173236,0.0154234181092,0.00234072950758,-0.0186868655673,1
0.192697641599,0.210511722551,0.00196699219624,-0.310630346714,0
0.19690787605,0.0153618022727,-0.00424561473805,-0.0173277372492,0
0.197215112095,-0.179699005326,-0.00459216948303,0.274012630155,1
0.193621131989,0.0154881658392,0.000888083120067,-0.0201151325972,0
0.193930895305,-0.179646510174,0.000485780468124,0.272847862399,1
0.190337965102,0.0154685061575,0.00594273771611,-0.0196818081126,1
0.190647335225,0.210504730085,0.00554910155385,-0.310483823471,0
0.194857429827,0.0153041599515,-0.00066057491557,-0.0160560488139,0
0.195163513026,-0.179808311596,-0.000981695891849,0.276418385642,1
0.191567346794,0.0153276316306,0.004546671821,-0.0165740067005,1
0.191873899426,0.210384083999,0.00421519168699,-0.30781894416,0
0.196081581106,0.015202324887,-0.00194118719622,-0.0138096437712,0
0.196385627604,-0.179891733507,-0.00221738007164,0.278260183776,1
0.192787792934,0.0152617803734,0.00334782360388,-0.0151212766069,1
0.193093028542,0.210335560031,0.00304539807174,-0.306746048015,0
0.197299739742,0.0151703456203,-0.00308952288856,-0.0131042382861,0
0.197603146655,-0.179907161873,-0.00335160765428,0.278602308137,1
0.194005003417,0.0152624417234,0.00222043850845,-0.0151358237691,1
0.194310252252,0.210352478826,0.00191772203307,-0.307117349642,0
0.198517301828,0.0152032537175,-0.00422462495978,-0.013830240316,0
0.198821366902,-0.179857856976,-0.0045012297661,0.277516778676,1
0.195224209763,0.0153280200208,0.00104910580742,-0.0165824279007,1
0.195530770163,0.210434910108,0.00071745724941,-0.308934164926,0
0.199739468365,0.0153027436585,-0.0054612260491,-0.0160250581713,0
0.200045523239,-0.179740462871,-0.00578172721253,0.274929796286,1
0.196450713981,0.0154635011118,-0.000283131286819,-0.0195710740201,0
0.196759984003,-0.179654388552,-0.00067455276722,0.273022508148,1
0.193166896232,0.0154771811858,0.00478589739574,-0.0198730983659,1
0.193476439856,0.210530171626,0.00438843542842,-0.31104218483,0
0.197687043289,0.0153459738826,-0.00183240826819,-0.0169785115324,0
0.197993962766,-0.179749650563,-0.00217197849884,0.275125706099,1
0.194398969755,0.0154032221499,0.00333053562313,-0.018241473673,1
0.194707034198,0.210477251719,0.00296570614967,-0.309871719476,0
0.198916579232,0.0153131716059,-0.00323172823985,-0.016254970387,0
0.199222842665,-0.179762283981,-0.00355682764759,0.27540655851,1
0.195627596985,0.0154102330541,0.00195130352261,-0.018396070319,1
0.195935801646,0.210504146087,0.00158338211623,-0.310462699869,0
0.200145884568,0.0153596715824,-0.00462587188115,-0.0172808408996,0
0.200453077999,-0.179695634752,-0.00497148869915,0.273938986678,1
0.196859165304,0.0154968967478,0.000507291034421,-0.020307803995,1
0.197169103239,0.210611569203,0.00010113495452,-0.312830631461,0
0.201381334623,0.0154881773621,-0.0061554776747,-0.0201158115203,0
0.201691098171,-0.17954495925,-0.00655779390511,0.270618652067,1
-0.0463505812207,-0.0458899706541,0.0184492691244,-0.0456329440606,0
-0.0472683806338,-0.241271548348,0.0175366102432,0.252813323987,0
-0.0520938116008,-0.436639459416,0.0225928767229,0.550975629383,0
-0.0608266007891,-0.632071326573,0.0336123893106,0.850690357091,1
-0.0734680273205,-0.437423421588,0.0506261964524,0.56876359971,0
-0.0822164957523,-0.633217528327,0.0620014684466,0.876956217798,1
-0.0948808463188,-0.438990564762,0.0795405928025,0.604392331011,1
-0.103660657614,-0.245065804285,0.0916284394227,0.337785167768,1
-0.1085619737,-0.0513590768748,0.0983841427781,0.0753450432182,0
-0.109589155237,-0.247743727759,0.0998910436425,0.397375796821,1
-0.114544029792,-0.054170347409,0.107838559579,0.137782311728,1
-0.115627436741,0.139255045434,0.110594205813,-0.119027258659,1
-0.112842335832,0.332632980323,0.10821366064,-0.374873597427,0
-0.106189676225,0.136153677564,0.100716188692,-0.050125808805,1
-0.103466602674,0.329698037278,0.0997136725156,-0.309410618834,1
-0.0968726419287,0.523268345825,0.0935254601389,-0.569056538173,0
-0.0864072750122,0.326967686165,0.0821443293755,-0.248435975931,1
-0.0798679212889,0.520826301211,0.0771756098568,-0.514120094483,0
-0.0694513952646,0.324707111354,0.0668932079672,-0.198149837887,1
-0.0629572530376,0.51881167743,0.0629302112094,-0.469003570517,0
-0.052581019489,0.322859797999,0.0535501397991,-0.157168294603,1
-0.046123823529,0.517175785587,0.050406773907,-0.432488240228,1
-0.0357803078172,0.711549141952,0.0417570091025,-0.708864632465,0
-0.0215493249782,0.515874445178,0.0275797164532,-0.40333544762,1
-0.0112318360747,0.710594605391,0.0195130075008,-0.687197202171,0
0.00298005603316,0.515207312477,0.00576906345734,-0.388435597251,0
0.0132842022827,0.320003950863,-0.00199964848769,-0.0939393321512,1
0.0196842813,0.515154505579,-0.00387843513071,-0.387252475243,0
0.0299873714115,0.320087823497,-0.0116234846356,-0.0957949098695,1
0.0363891278815,0.515374422951,-0.013539382833,-0.392122248603,0
0.0466966163405,0.320447206045,-0.021381827805,-0.103738679567,1
0.0531055604614,0.515868949709,-0.0234566013964,-0.403090068448,0
0.0634229394556,0.321087399487,-0.0315184027653,-0.117893726239,0
0.0698446874453,0.126430886278,-0.0338762772901,0.164681149061,1
0.0723733051709,0.322020987542,-0.0305826543089,-0.138493394902,0
0.0788137249217,0.127350109158,-0.0333525222069,0.144386477907,1
0.0813607271049,0.322933437986,-0.0304647926488,-0.158629180328,0
0.0878193958646,0.128260594563,-0.0336373762554,0.124289324211,1
0.0903846077559,0.323847897615,-0.0311515897711,-0.178813193486,0
0.0968615657082,0.129185263045,-0.0347278536409,0.103882005029,1
0.0994452709691,0.324787242529,-0.0326502135403,-0.199551993339,0
0.10594101582,0.130147119268,-0.0366412534071,0.0826551279154,0
0.108543958205,-0.0644309507962,-0.0349881508488,0.363556209087,1
0.107255339189,0.13117034798,-0.027717026667,0.060049411901,1
0.109878746149,0.326678513744,-0.026516038429,-0.24124795952,0
0.116412316424,0.131945173637,-0.0313409976194,0.0429545670534,0
0.119051219896,-0.0627136664492,-0.0304819062783,0.325586690088,1
0.117796946567,0.132828727097,-0.0239701724766,0.0234490621581,1
0.120453521109,0.328286085371,-0.0235011912334,-0.276699307332,0
0.127019242817,0.133507166357,-0.02903517738,0.00847967750327,0
0.129689386144,-0.0611866074593,-0.02886558383,0.291862102888,1
0.128465653995,0.134334772861,-0.0230283417722,-0.00978309472458,0
0.131152349452,-0.0604494803014,-0.0232240036667,0.275546083107,1
0.129943359846,0.134995985375,-0.0177130820046,-0.0243703015112,0
0.132643279553,-0.0598675246002,-0.0182004880348,0.262671736557,1
0.131445929061,0.135509430443,-0.0129470533036,-0.0356958053114,1
0.13415611767,0.330814629162,-0.0136609694099,-0.332435377361,0
0.140772410253,0.135889760598,-0.0203096769571,-0.0440915571404,0
0.143490205465,-0.0589351594047,-0.0211915080999,0.242114918921,1
0.142311502277,0.136482985839,-0.0163492097215,-0.0571763196944,0
0.145041161994,-0.0584007764552,-0.0174927361154,0.230303802257,1
0.143873146465,0.136966716069,-0.0128866600702,-0.0678452035859,0
0.146612480786,-0.0579681313594,-0.014243564142,0.220744215654,1
0.145453118159,0.137354489346,-0.00982867982887,-0.0763974620073,0
0.148200207946,-0.0576251910941,-0.011356629069,0.213168346712,1
0.147047704124,0.137657270535,-0.00709326213478,-0.0830752334838,0
0.149800849535,-0.0573622861373,-0.00875476680445,0.207361340761,1
0.148653603812,0.137883752618,-0.00460753998924,-0.0880703623929,0
0.151411278865,-0.0571718525443,-0.0063689472371,0.203155327704,1
0.150267841814,0.138040600388,-0.00230584068301,-0.091529870669,1
0.153028653821,0.33319552585,-0.00413643809639,-0.384939397208,0
0.159692564338,0.13813254276,-0.0118352260406,-0.0935635350652,0
0.162455215194,-0.0568177929317,-0.0137064967419,0.19536201309,1
0.161318859335,0.138497509817,-0.00979925648007,-0.101613005202,0
0.164088809531,-0.0564826434952,-0.0118315165841,0.187962247291,1
0.162959156661,0.138806565139,-0.0080722716383,-0.108429447481,0
0.165735287964,-0.0561987857615,-0.0102408605879,0.181695826692,1
0.164611312249,0.139068195897,-0.00660694405408,-0.114200047315,0
0.167392676167,-0.0559584659856,-0.00889094500037,0.176391133177,1
0.166273506847,0.139289588498,-0.00536312233684,-0.119083276409,0
0.169059298617,-0.0557551128813,-0.00774478786502,0.171902817697,1
0.167944196359,0.139476825372,-0.00430673151108,-0.123213251833,0
0.170733732867,-0.0555831608394,-0.00677099654774,0.168107838868,1
0.16962206965,0.139635051858,-0.00340883977038,-0.12670342544,0
0.172414770687,-0.0554378995175,-0.00594290827918,0.164902104585,1
0.171306012697,0.139768617578,-0.00264486618747,-0.129649705071,0
0.174101385049,-0.055315346086,-0.0052378602889,0.162197627167,1
0.172995078127,0.139881196061,-0.00199390774556,-0.132133093506,0
0.175792702048,-0.0552121368894,-0.00463656961569,0.15992011571,1
0.17468845931,0.139975885855,-0.00143816730148,-0.134221917914,0
0.177487977027,-0.0551254357195,-0.00412260565975,0.158006940758,1
0.176385468313,0.140055295888,-0.000962466844595,-0.135973711336,0
0.179186574231,-0.0550528562935,-0.00368194107132,0.156405416174,1
0.178085517105,0.140121617396,-0.000553832747835,-0.137436798151,0
0.180887949453,-0.0549923968802,-0.00330256871086,0.155071351558,1
0.179788101515,0.140176684425,-0.000201141679709,-0.138651627312,0
0.182591635204,-0.0549423853233,-0.00297417422594,0.153967835737,1
0.181492787497,0.14022202455,0.000105182488799,-0.139651890231,0
0.184297227988,-0.0549014329811,-0.00268785531582,0.153064218098,1
0.183199199329,0.140258901228,0.000373429046142,-0.140465454266,0
0.186004377353,-0.0548683963309,-0.00243588003917,0.152335259802,1
0.184907009426,0.140288348958,0.000610825156863,-0.141115137681,0
0.187712776406,-0.0548423451923,-0.00221147759676,0.151760431525,1
0.186615929502,0.140311202222,0.000823731033741,-0.141619347662,0
0.189422153546,-0.0548225366943,-0.00200865591951,0.151323338306,1
0.188325702812,0.140328119027,0.00101781084661,-0.141992599188,0
0.191132265193,-0.054808394268,-0.00182204113716,0.151011255478,1
0.190036097308,0.140339599689,0.00119818397241,-0.14224592936,0
0.192842889301,-0.0547994910746,-0.0016467346148,0.150814762675,1
0.19174689948,0.140346001424,0.00136956063871,-0.142387218944,0
0.194553819508,-0.0547955374027,-0.00147818374017,0.150727465479,1
0.19345790876,0.140347549141,0.00153636556941,-0.142421430403,0
0.196264859743,-0.0547963716671,-0.00131206303866,0.150745796642,1
0.19516893231,0.140344342766,0.00170285289419,-0.142350769477,0
0.197975819165,-0.0548019547397,-0.00114416249536,0.15086889089,1
0.19687978007,0.140336361331,0.00187321532243,-0.142174775323,1
0.199686507297,0.335431434814,-0.000970280184029,-0.434266147134,0
0.206395135993,0.140323233744,-0.00965560312671,-0.141889245621,0
0.209201600668,-0.0546591101697,-0.0124933880391,0.147731933395,1
0.208108418465,0.140639499509,-0.00953874937123,-0.148866079603,0
0.210921208455,-0.0543445685192,-0.0125160709633,0.140792366883,1
0.209834317084,0.14095438222,-0.00970022362565,-0.155812742834,0
0.212653404729,-0.0540273496771,-0.0128164784823,0.13379427409,1
0.211572857735,0.141275817392,-0.0101405930005,-0.162904357676,0
0.214398374083,-0.0536995083991,-0.013398680154,0.126562310671,1
0.213324383915,0.141611801679,-0.0108674339406,-0.170317451549,0
0.216156619949,-0.0533529297224,-0.0142737829716,0.118917413869,1
0.215089561354,0.141970592049,-0.0118954346942,-0.178234372451,0
0.217928973195,-0.0529791276171,-0.0154601221433,0.11067234273,1
0.216869390643,0.142360908299,-0.0132466752886,-0.186847789734,0
0.219716608809,-0.0525690369367,-0.0169836310833,0.101627065945,1
0.21866522807,0.142792143624,-0.0149510897644,-0.196365390383,0
0.221521070943,-0.0521127937914,-0.0188783975721,0.0915638836509,0
0.220478815067,-0.24695913937,-0.0170471198991,0.378231402816,1
0.215539632279,-0.0515992876896,-0.00948249184274,0.0802225930647,1
0.214507646526,0.14365730403,-0.00787803998145,-0.215436937675,0
0.217380792606,-0.0513511404039,-0.012186778735,0.074750532044,1
0.216353769798,0.143943381132,-0.0106917680941,-0.221752321288,0
0.219232637421,-0.0510241283665,-0.0151268145198,0.067538907564,0
0.218212154853,-0.245925976351,-0.0137760363686,0.355411118156,1
0.213293635326,-0.0506108912857,-0.00666781400544,0.0584162635834,1
0.212281417501,0.144606026051,-0.00549948873377,-0.236362925766,0
0.215173538022,-0.0504369241634,-0.0102267472491,0.0545802338139,0
0.214164799538,-0.245410756793,-0.00913514257282,0.344019077907,1
0.209256584403,-0.0501600484997,-0.00225476101469,0.0484695411951,1
0.208253383433,0.144994161418,-0.00128537019079,-0.244923928744,0
0.211153266661,-0.0501094073713,-0.00618384876566,0.0473532839498,0
0.210151078514,-0.245142143235,-0.00523678308666,0.338078754276,1
0.205248235649,-0.0499460658859,0.00152479199886,0.0437490458308,1
0.204249314331,0.145153987275,0.00239977291547,-0.248452405033,0
0.207152394077,-0.0500021533105,-0.00256927518518,0.0449864954914,0
0.20615235101,-0.245087168371,-0.00166954527536,0.336857686166,1
0.201250607643,-0.0499414981016,0.00506760844796,0.0436487426385,1
0.200251777681,0.145107420352,0.00594058330073,-0.247431007806,0
0.203153926088,-0.0500988666361,0.000991963144618,0.04711977721,1
0.202151948755,0.145008846491,0.00193435868882,-0.245250011375,0
0.205052125685,-0.0501406792556,-0.00297064153869,0.0480424306946,0
0.2040493121,-0.245219908104,-0.0020097929248,0.339786615501,1
0.199144913938,-0.0500694176488,0.00478593938523,0.0464705922956,1
0.198143525585,0.144983580423,0.00571535123115,-0.244698493212,0
0.201043197193,-0.0502195350833,0.000821381366903,0.0497817019066,1
0.200038806492,0.144890628685,0.00181701540503,-0.242641958925,0
0.202936619065,-0.0502572296265,-0.00303582377347,0.0506135475601,0
0.201931474473,-0.245335518993,-0.00202355282226,0.342337102378,1
0.197024764093,-0.0501848369797,0.0048231892253,0.0490167545566,1
0.196021067353,0.144867623014,0.00580352431644,-0.242140520155,0
0.198918419814,-0.0503367443297,0.000960713913336,0.0523673264527,1
0.197911684927,0.144771418249,0.00200806044239,-0.240012332508,0
0.200807113292,-0.0503791609856,-0.00279218620778,0.0533033155363,0
0.199799530072,-0.24546096483,-0.00172611989705,0.345103978938,1
0.194890310776,-0.05031450168,0.00517595968171,0.0518772412922,1
0.193884020742,0.144732851274,0.00621350450755,-0.239168143725,0
0.196778677768,-0.0504773101978,0.00143014163305,0.0554682046189,1
0.195769131564,0.14462410582,0.00253950572543,-0.23676315863,0
0.19866161368,-0.0505340344947,-0.00219575744718,0.0567197217796,0
0.19765093299,-0.245624433508,-0.00106136301158,0.348709062679,1
0.19273844432,-0.0504874027972,0.00591281824201,0.0556916408118,1
0.191728696264,0.144549270896,0.00702665105824,-0.23511989724,0
0.194619681682,-0.0506723652307,0.00232425311344,0.0597711462623,1
0.193606234377,0.144416183905,0.00351967603869,-0.232177557217,0
0.196494558056,-0.0507558821855,-0.00112387510566,0.0616135111775,1
0.195479440412,0.144382164837,0.000108395117891,-0.231423793709,0
0.198367083709,-0.0507413350959,-0.00452008075629,0.0612933226351,0
0.197352257007,-0.245798187592,-0.00329421430359,0.352546713244,1
0.192436293255,-0.0506295472797,0.00375671996129,0.058826843975,1
0.191423702309,0.144438338831,0.00493325684079,-0.232668447387,0
0.194312469086,-0.0507537532305,0.000279887893054,0.0615664995458,1
0.193297394021,0.144364183904,0.00151121788397,-0.231028107653,0
0.196184677699,-0.0507793290566,-0.00310934426908,0.0621311254286,0
0.195169091118,-0.245856561726,-0.00186672176051,0.353831414184,1
0.190251959884,-0.050708116812,0.00520990652317,0.0605604409514,1
0.189237797547,0.144338749342,0.0064211153422,-0.230474182063,0
0.192124572534,-0.0508743658527,0.00181163170093,0.0642272491039,1
0.191107085217,0.144221564413,0.00309617668301,-0.227883546636,0
0.193991516505,-0.0509444964655,-0.00146149424972,0.0657744159814,0
0.192972626576,-0.246045463425,-0.000146005930091,0.357995874717,1
0.188051717308,-0.0509214368268,0.00701391156425,0.0652669121968,1
0.187033288571,0.144099255093,0.00831924980819,-0.225194857095,0
0.189915273673,-0.0511406005419,0.0038153526663,0.0701006232466,1
0.188892461662,0.143926443987,0.00521736513123,-0.221376102906,0
-0.00784210677288,0.0202032493459,0.0438289407085,-0.0163669934375,0
-0.00743804178596,-0.175518963951,0.0435016008397,0.289815971824,0
-0.010948421065,-0.371233358412,0.0492979202762,0.595895268705,1
-0.0183730882332,-0.176834736287,0.0612158256503,0.319139315478,1
-0.021909782959,0.0173643784071,0.0675986119599,0.0463724903377,0
-0.0215624953908,-0.178658501233,0.0685260617666,0.359594119468,1
-0.0251356654155,0.015425815351,0.075717944156,0.0892818144208,1
-0.0248271491084,0.20938538322,0.0775035804444,-0.178584117541,1
-0.020639441444,0.403317607491,0.0739318980936,-0.445845958805,0
-0.0125730892942,0.207231829566,0.0650149789175,-0.130804586293,1
-0.00842845270292,0.401365121913,0.0623988871916,-0.40228835743,0
-0.000401150264654,0.205416199383,0.054353120043,-0.090603630913,1
0.003707173723,0.399718656599,0.0525410474248,-0.365654957129,1
0.011701546855,0.594056110162,0.0452279482822,-0.641318907807,0
0.0235826690582,0.39833382497,0.032401570126,-0.334743217232,1
0.0315493455576,0.592980009623,0.0257067057814,-0.61703484907,0
0.0434089457501,0.397508546319,0.0133660088,-0.316367590405,0
0.0513591166765,0.202198787848,0.0070386569919,-0.0194996318194,1
0.0554030924334,0.397219093419,0.00664866435551,-0.309953495764,0
0.0633474743018,0.20200304801,0.000449594440223,-0.0151812068128,1
0.067387535262,0.397118548603,0.000145970303968,-0.307722247362,0
0.0753299062341,0.201994517746,-0.00600847464328,-0.0149932889244,1
0.079369796589,0.39720212024,-0.00630834042176,-0.309565888093,0
0.0873138389938,0.202170615561,-0.0124996581836,-0.0188790918205,1
0.091357251305,0.397469574552,-0.01287724002,-0.315479449072,0
0.0993066427961,0.202533396152,-0.0191868290015,-0.0268852287932,1
0.103357310719,0.397925170964,-0.0197245335774,-0.32555952647,0
0.111315814138,0.203089531379,-0.0262357241067,-0.0391615537628,0
0.115377604766,0.00835343246782,-0.027018955182,0.24512965274,1
0.115544673415,0.203850662533,-0.0221163621272,-0.0559517669856,0
0.119621686666,0.00905269208214,-0.0232353974669,0.229672049545,1
0.119802740508,0.204498837879,-0.018641956476,-0.0702486262654,0
0.123892717265,0.00964904207263,-0.0200469290013,0.216494865129,1
0.124085698107,0.205051756743,-0.0157170316987,-0.0824437149789,1
0.128186733242,0.400395441313,-0.0173659059983,-0.380043668565,0
0.136194642068,0.205524345295,-0.0249667793696,-0.0928864193224,0
0.140305128974,0.0107689763124,-0.0268245077561,0.191816119181,1
0.1405205085,0.20626419252,-0.0229881853725,-0.109206668932,0
0.14464579235,0.0114790724725,-0.0251723187511,0.176135881666,1
0.1448753738,0.206952056228,-0.0216496011178,-0.124380583592,0
0.149014414924,0.0121468481248,-0.0241372127896,0.161394266049,1
0.149257351887,0.207605883799,-0.0209093274686,-0.138804536564,0
0.153409469563,0.012789553854,-0.0236854181999,0.147209186061,1
0.15366526064,0.208242539302,-0.0207412344787,-0.152850921135,0
0.157830111426,0.0134236213244,-0.0237982529014,0.133217114209,1
0.158098583852,0.208878235208,-0.0211339106172,-0.166877813676,0
0.162276148557,0.0140650765764,-0.0244714668907,0.119063760664,1
0.162557450088,0.209528942707,-0.0220901916775,-0.181238145568,0
0.166748028942,0.014729940548,-0.0257149545888,0.104395079387,1
0.167042627753,0.210210789691,-0.0236270530011,-0.196288615552,0
0.171246843547,0.0154346253259,-0.0275528253121,0.0888483789363,0
0.171555536054,-0.179281776784,-0.0257758577334,0.372712617952,1
0.167969900518,0.0161966803819,-0.0183216053744,0.07201506991,1
0.168293834126,0.211576440352,-0.0168813039762,-0.226391633057,0
0.172525362933,0.0166997648626,-0.0214091366373,0.0609188617866,0
0.17285935823,-0.178108786858,-0.0201907594016,0.346770918535,1
0.169297182493,0.0172944542015,-0.0132553410309,0.0477901195234,0
0.169643071577,-0.177634941888,-0.0122995386404,0.336261570477,1
0.166090372739,0.0176598665059,-0.00557430723087,0.0397255423683,1
0.166443570069,0.2128613074,-0.00477979638351,-0.254710907716,0
0.170700796217,0.0178079279403,-0.00987401453783,0.0364605644846,0
0.171056954776,-0.177171046562,-0.00914480324814,0.326011855975,1
0.167513533845,0.0180799042593,-0.00262456612865,0.0304591412259,1
0.16787513193,0.213239394684,-0.00201538330413,-0.263050707723,0
0.172139919823,0.0181462688603,-0.0072763974586,0.0289958644051,0
0.172502845201,-0.176870582323,-0.00669648017049,0.319374155223,1
0.168965433554,0.0183460964434,-0.000308997066043,0.0245869521466,1
0.169332355483,0.213472477587,0.000182741976889,-0.268193450732,0
0.173601805035,0.0183479188809,-0.00518112703776,0.0245471085811,1
0.173968763412,0.213543787268,-0.00469018486614,-0.269766008653,0
0.178239639158,0.0184890801384,-0.0100855050392,0.0214339246668,0
0.178609420761,-0.176486793403,-0.00965682654586,0.31091777256,1
0.175079684892,0.0187713991902,-0.00343847109466,0.0152050771852,1
0.175455112876,0.21394249311,-0.00313436955096,-0.278560741563,0
0.179733962738,0.0188653959908,-0.00870558438223,0.01313196361,0
0.180111270658,-0.176130630877,-0.00844294511003,0.30305551085,1
0.176588658041,0.0191106239509,-0.00238183489303,0.00772187025779,0
0.17697087052,-0.175977087556,-0.00222739748788,0.299652348653,1
0.173451328769,0.0191765417292,0.00376564948518,0.00626777656623,1
0.173834859603,0.214244286284,0.0038910050165,-0.285224667374,0
0.178119745329,0.0190670579615,-0.00181348833097,0.00868291147529,1
0.178501086488,0.214214970107,-0.00163983010146,-0.284571640677,0
0.18278538589,0.0191164452399,-0.007331262915,0.00759364331867,0
0.183167714795,-0.175899602187,-0.00717939004863,0.297954481299,1
0.179649722751,0.0193239503707,-0.00122030042265,0.00301597678731,1
0.180036201759,0.214463381193,-0.00115998088691,-0.29005171974,0
0.184325469383,0.0193579897825,-0.00696101528171,0.00226513617765,0
0.184712629178,-0.175663442105,-0.00691571255816,0.292743674643,1
0.181199360336,0.0195564260124,-0.0010608390653,-0.0021123282493,0
0.181590488856,-0.175550295172,-0.00110308563029,0.290235702224,1
0.178079482953,0.0195873678685,0.0047016284142,-0.00279492136426,1
0.17847123031,0.214641576395,0.00464572998692,-0.293990726699,0
0.182764061838,0.0194536995502,-0.00123408454706,0.000153768750777,1
0.183153135829,0.214593327584,-0.00123100917204,-0.292918271172,0
0.187445002381,0.0194889494078,-0.00708937459549,-0.000623842255965,0
0.187834781369,-0.175530616041,-0.00710185144061,0.289813896126,1
0.184324169048,0.0196918803017,-0.00130557351809,-0.00510039046725,0
0.184718006654,-0.175411322804,-0.00140758132743,0.287170326268,1
0.181209780198,0.0197306736275,0.00433582519792,-0.0059562071791,1
0.181604393671,0.214790175383,0.00421670105434,-0.297267980954,0
0.185900197178,0.0196083686826,-0.00172865856474,-0.00325816729606,1
0.186292364552,0.214755068659,-0.00179382191066,-0.296486005264,0
0.190587465925,0.0196587355126,-0.00772354201594,-0.00436935973841,0
0.190980640636,-0.175351602184,-0.0078109292107,0.285866723345,1
0.187473608592,0.0198808703644,-0.0020935947438,-0.00926944192064,0
0.187871225999,-0.175210993337,-0.00227898358221,0.28275219589,1
0.184367006132,0.0199433898067,0.00337606033559,-0.0106486392288,1
0.184765873929,0.215016761434,0.00316308755101,-0.302264469266,0
0.189066209157,0.0198498720334,-0.0028822018343,-0.00858565347531,0
0.189463206598,-0.175230626054,-0.00305391490381,0.283186512077,1
0.185958594077,0.0199347503846,0.00260981533773,-0.0104580370252,1
0.186357289084,0.215019176256,0.00240065459722,-0.302316394435,0
0.19065767261,0.0198630926214,-0.00364567329148,-0.00887732074307,0
0.191054934462,-0.175206385346,-0.00382321970634,0.282653126145,1
0.187550806755,0.0199698891606,0.00182984281656,-0.0112331698027,1
0.187950204538,0.215065550242,0.00160517942051,-0.303338198004,0
0.192251515543,0.0199207593275,-0.00446158453958,-0.0101494661933,0
0.19264993073,-0.175136923435,-0.00466457386344,0.281122444377,1
0.189147192261,0.0200512532312,0.000957875024103,-0.0130280151557,1
0.189548217326,0.215159454189,0.000697314720989,-0.305408567116,0
0.193851406409,0.0200275728573,-0.00541085662134,-0.012505805769,0
0.194251957867,-0.175016363272,-0.00566097273672,0.278465031571,1
0.190751630601,0.0201858868679,-9.16721052991e-05,-0.0159979690684,1
0.191155348338,0.215309152657,-0.000411631486668,-0.308709818121,0
0.195461531392,0.0201930689811,-0.00658582784908,-0.0161567370564,0
0.195865392771,-0.174833817301,-0.00690896259021,0.274441028804,1
0.192368716425,0.0203860258912,-0.00142014201414,-0.0204129659203,0
0.192776436943,-0.174715530227,-0.00182840133254,0.271821551534,1
0.189282126339,0.0204324633492,0.00360802969814,-0.0214374992302,1
0.189690775606,0.215502486401,0.00317927971353,-0.312979870832,0
0.194000825334,0.0203353881436,-0.0030803177031,-0.0192959963188,0
0.194407533096,-0.174742252774,-0.00346623762947,0.272413464862,1
0.190912688041,0.0204289864344,0.00198203166777,-0.0213607070673,1
0.19132126777,0.215522457297,0.00155481752643,-0.313417621621,0
0.195631716916,0.0203783912786,-0.004713534906,-0.0202447602395,0
0.196039284741,-0.174675646748,-0.00511843011079,0.270947272479,1
0.192545771806,0.020518968202,0.000300515338794,-0.0233456265075,0
0.19295615117,-0.174607291398,-0.000166397191357,0.269432101184,1
0.189464005342,0.0205170340208,0.00522224483233,-0.0233033036659,1
0.189874346023,0.215563705523,0.00475617875901,-0.314333988465,0
0.194185620133,0.0203743263209,-0.0015305010103,-0.020154919941,0
0.19459310666,-0.174725642476,-0.00193359940912,0.272044723376,1
0.19109859381,0.0204238463208,0.0035072950584,-0.0212474404711,1
0.191507070736,0.215495324174,0.00308234624898,-0.312821714922,0
0.19581697722,0.0203295978277,-0.00317408804946,-0.0191683077202,0
0.196223569176,-0.174746689961,-0.00355745420386,0.272511469624,1
0.192728635377,0.0204258414546,0.00189277518861,-0.0212913643303,1
0.193137152206,0.215520597268,0.00146694790201,-0.313376498267,0
0.197447564152,0.0203777791732,-0.00480058206334,-0.0202313035482,0
0.197855119735,-0.174674998741,-0.0052052081343,0.270933126295,1
0.19436161976,0.020520841693,0.0002134543916,-0.0233869921414,1
0.194772036594,0.215639731128,-0.000254285451227,-0.316002564035,0
0.199084831217,0.0205214028836,-0.00657433673193,-0.0233998410533,0
0.199495259274,-0.174505652175,-0.00704233355299,0.267201578402,1
0.196005146231,0.0207160941207,-0.00169830198495,-0.027694208585,0
0.196419468113,-0.174381461107,-0.00225218615665,0.264452401684,1
0.192931838891,0.0207725635529,0.00303686187702,-0.0289400350608,1
0.193347290162,0.215850832836,0.0024580611758,-0.320663253631,0
0.197664306819,0.0206939624282,-0.00395520389681,-0.0272061631233,0
0.198078186068,-0.174371045546,-0.00449932715927,0.264226233282,1
0.194590765157,0.0208148361586,0.000785197506366,-0.0298724235021,0
0.19500706188,-0.174318366451,0.000187749036324,0.263058138226,1
0.191520694551,0.0208009043445,0.00544891180084,-0.0295655645929,1
0.191936712638,0.215844292664,0.00485760050898,-0.320524331718,0
0.196253598491,0.0206535013213,-0.00155288612538,-0.0263134700972,0
0.196666668517,-0.174446145899,-0.00207915552732,0.26587909954,1
0.193177745599,0.0207054182458,0.00323842646347,-0.027458885248,1
0.193591853964,0.215780778703,0.00268924875851,-0.319118295843,0
0.197907469538,0.020620630364,-0.00369311715835,-0.0255884937092,0
0.198319882146,-0.174448164317,-0.00420488703253,0.265926928914,1
0.194830918859,0.0207335478087,0.00111365154575,-0.0280792841563,0
0.195245589815,-0.174404356225,0.000552065862622,0.264954803871,1
0.191757502691,0.0207097110224,0.00585116194005,-0.0275539450454,1
0.192171696911,0.215747265687,0.00530008303914,-0.318385037269,0
0.196486642225,0.020550230312,-0.00106761770623,-0.0240353795206,0
0.196897646831,-0.174556394049,-0.00154832529664,0.268310510686,1
0.19340651895,0.0205876194092,0.00381788491709,-0.0248603660901,1
0.193818271339,0.215654611357,0.00332067759528,-0.316336266068,0
0.198131363566,0.0204855187729,-0.00300604772607,-0.0226079638535,0
0.198541073941,-0.174593194097,-0.00345820700314,0.269125006657,1
0.195049210059,0.0205779373273,0.00192429312999,-0.024646650747,1
0.195460768806,0.215672239716,0.00143136011505,-0.316721820688,0
0.1997742136,0.0205299300616,-0.00490307629871,-0.0235878363303,0
0.200184812201,-0.174521364557,-0.00537483302532,0.267544090151,1
0.19669438491,0.0206768801951,-2.39512222899e-05,-0.0268292410021,0
0.197107922514,-0.174444727537,-0.000560536042331,0.265846128853,1
0.193619027963,0.0206852194522,0.00475638653474,-0.0270135432364,1
0.194032732352,0.215738638663,0.00421611567001,-0.318191990138,0
0.198347505126,0.0205568932067,-0.00214772413276,-0.024182439725,0
0.19875864299,-0.17453419198,-0.00263137292726,0.26782208272,1
0.19526795915,0.0206252137873,0.00272506872713,-0.025689635198,1
0.195680463426,0.21570797948,0.00221127602317,-0.317511528011,0
0.199994623016,0.0205546027423,-0.00413895453704,-0.0241320639695,0
0.20040571507,-0.174507748336,-0.00462159581643,0.267242107289,1
0.196915560104,0.0206798553227,0.00072324632936,-0.0268949157559,1
0.19732915721,0.215791427178,0.000185348014241,-0.319349562591,0
0.201644985754,0.0206668367285,-0.00620164323758,-0.0266081896288,0
0.202058322488,-0.174365631567,-0.00673380703016,0.264111615641,1
0.198571009857,0.0208517834285,-0.00145157471733,-0.0306875922058,0
0.198988045525,-0.174249321368,-0.00206532656145,0.261536993854,1
-0.00129720499116,0.0213643634292,-0.0494192094124,0.0109524850116,0
-0.000869917722574,-0.17301529545,-0.0492001597122,0.287642667532,0
-0.00433022363158,-0.367402350071,-0.0434473063616,0.56441140062,0
-0.011678270633,-0.561888639984,-0.0321590783492,0.843096044818,0
-0.0229160434327,-0.75655727232,-0.0152971574528,1.12549487127,1
-0.0380471888791,-0.561238219867,0.00721273997254,0.828053381962,0
-0.0492719532764,-0.756458040722,0.0237738076118,1.12299602341,1
-0.0644011140909,-0.561655719289,0.04623372808,0.837863954242,1
-0.0756342284766,-0.367194622345,0.0629910071649,0.560071881183,1
-0.0829781209235,-0.173010705424,0.0741924447885,0.287880798194,1
-0.086438335032,0.0209791212012,0.0799500607524,0.0194891294373,0
-0.086018752608,-0.175192965509,0.0803398433412,0.336287594379,1
-0.0895226119182,0.018699226192,0.0870655952288,0.0699819216124,1
-0.0891486273943,0.212472037823,0.088465233661,-0.194011374848,0
-0.0848991866379,0.0162033178584,0.0845850061641,0.125215310032,1
-0.0845751202807,0.210018044385,0.0870893123647,-0.139629047265,1
-0.080374759393,0.403791701221,0.0842967314194,-0.403616060792,0
-0.0722989253686,0.207581689453,0.0762244102035,-0.0855922182367,1
-0.0681472915795,0.401532949116,0.0745125658388,-0.353286068899,1
-0.0601166325972,0.595520634571,0.0674468444608,-0.621573759672,0
-0.0482062199058,0.399524871395,0.0550153692674,-0.30843421982,1
-0.0402157224779,0.593821529714,0.048846684871,-0.583271901005,0
-0.0283392918836,0.398050517071,0.0371812468509,-0.275610429237,1
-0.0203782815422,0.592622808116,0.0316690382662,-0.556338381812,0
-0.00852582537988,0.39707088722,0.0205422706299,-0.253848440544,1
-0.000584407635478,0.591893591754,0.015465301819,-0.539981837519,0
0.0112534641996,0.396557698289,0.00466566506864,-0.242466418812,0
0.0191846181654,0.201369414074,-0.000183663307601,0.0516845213613,1
0.0232120064469,0.396493998334,0.000850027119625,-0.241056347104,1
0.0311418864135,0.5916037968,-0.00397109982246,-0.533471031128,0
0.0429739623495,0.396537918872,-0.014640520445,-0.2420420216,0
0.050904720727,0.201628124085,-0.019481360877,0.0459871784644,1
0.0549372832087,0.397023930195,-0.0185616173077,-0.252778072313,0
0.0628777618126,0.202171873172,-0.023617178754,0.0339928627177,1
0.066921199276,0.397624401314,-0.0229373214996,-0.266046975059,0
0.0748736873023,0.202837203032,-0.0282582610008,0.0193139833348,1
0.0789304313629,0.398352772342,-0.0278719813341,-0.282149107828,0
0.0868974868098,0.203639239837,-0.0335149634907,0.00161444966482,0
0.0909702716065,0.00901357245001,-0.0334826744974,0.283537450998,1
0.0911505430555,0.204596691893,-0.0278119254774,-0.019514860983,0
0.0952424768934,0.00988440584865,-0.0282022226971,0.26426496542,1
0.0954401650103,0.205397307208,-0.0229169233887,-0.0371781206005,1
0.0995481111545,0.400840265478,-0.0236604858007,-0.337002564284,0
0.107564916464,0.206062869318,-0.0304005370864,-0.0518737800436,0
0.11168617385,0.0113897184106,-0.0314380126872,0.231064638822,1
0.111913968219,0.206946464776,-0.0268167199108,-0.0713667872717,0
0.116052897514,0.0122190310231,-0.0282440556562,0.212736172224,1
0.116297278135,0.207733171885,-0.0239893322117,-0.0887207200969,0
0.120451941572,0.0129631465857,-0.0257637466137,0.196298068799,1
0.120711204504,0.208443963594,-0.0218377852377,-0.104399549849,0
0.124880083776,0.013641662831,-0.0239257762347,0.181314431203,1
0.125152917033,0.209097661142,-0.0202994876106,-0.118819161859,0
0.129334870255,0.0142723481837,-0.0226758708478,0.167390959022,1
0.129620317219,0.20971142134,-0.0193280516673,-0.132358418291,0
0.133814545646,0.0148715885286,-0.0219752200332,0.15416464897,1
0.134111977416,0.210301181237,-0.0188919270538,-0.145369156431,0
0.138318001041,0.0154548017759,-0.0217993101824,0.141294361919,1
0.138627097077,0.2108820692,-0.018973422944,-0.158185379845,0
0.142844738461,0.0160368279364,-0.0221371305409,0.128452025092,1
0.143165475019,0.211468791412,-0.019568090039,-0.171131878929,0
0.147394850848,0.0166323027427,-0.0229907276176,0.115314250879,1
0.147727496903,0.212076002561,-0.0206844426,-0.184532500955,0
0.151969016954,0.0172560229188,-0.0243750926191,0.101554163505,0
0.152314137412,-0.177508271968,-0.022344009349,0.386448253822,1
0.148763971973,0.01792362505,-0.0146150442726,0.0868049908282,1
0.149122444474,0.213251987495,-0.012878944456,-0.210452931915,0
0.153387484224,0.0183165280046,-0.0170880030943,0.0781397026084,0
0.153753814784,-0.176556342516,-0.0155252090421,0.365382703873,1
0.150222687933,0.0187827602734,-0.00821755496468,0.0678451331285,1
0.150598343139,0.214021556379,-0.00686065230211,-0.227419106959,0
0.154878774266,0.018998319351,-0.0114090344413,0.0630918480598,0
0.155258740653,-0.17595821137,-0.0101471974801,0.352153428446,1
0.151739576426,0.0193065567726,-0.00310412891118,0.0562881304075,1
0.152125707562,0.214472878262,-0.00197836630303,-0.237372553851,0
0.156415165127,0.0193792467544,-0.00672581738004,0.0546856814091,1
0.156802750062,0.214596987346,-0.00563210375186,-0.240111681661,0
0.161094689809,0.0195559429273,-0.0104343373851,0.0507894151165,0
0.161485808667,-0.175414848568,-0.00941854908275,0.340162042337,1
0.157977511696,0.0198398398724,-0.00261530823602,0.0445239877356,1
0.158374308493,0.214999195538,-0.00172482848131,-0.248982944364,0
0.162674292404,0.0199019189851,-0.00670448736859,0.043155435827,1
0.163072330784,0.215119365234,-0.00584137865205,-0.251635256801,0
0.167374718089,0.020081312121,-0.0108740837881,0.0391994760534,0
0.167776344331,-0.174883030629,-0.010090094267,0.328431782449,1
0.164278683718,0.0203811010851,-0.00352145861803,0.0325840572537,1
0.16468630574,0.215553374017,-0.00286977747295,-0.26120784364,0
0.16899737322,0.0204725059097,-0.00809393434576,0.0305685401439,0
0.169406823339,-0.17453244415,-0.00748256354288,0.320686793231,1
0.165916174456,0.0206952634615,-0.00106882767827,0.0256535765384,1
0.166330079725,0.215832526225,-0.000555756147504,-0.267366385691,0
0.170646730249,0.0207185110105,-0.00590308386133,0.0251411996331,0
0.17106110047,-0.174318289668,-0.00540025986867,0.315955806842,1
0.167574734676,0.020880165206,0.00091885626817,0.0215747252373,1
0.16799233798,0.215988927053,0.00135035077292,-0.270818150282,0
0.172312116521,0.0208477325098,-0.00406601223271,0.022290377668,1
0.172729071172,0.216027757575,-0.00362020467936,-0.271672644132,0
0.177049626323,0.0209576513243,-0.00905365756199,0.019866259971,0
0.17746877935,-0.17403329831,-0.00865633236257,0.309678958177,1
0.173988113383,0.0212109108226,-0.00246275319903,0.0142786870201,1
0.1744123316,0.216368094285,-0.00217717945863,-0.279180249139,0
0.178739693486,0.0212772690175,-0.00776078444142,0.0128152049434,0
0.179165238866,-0.173732527506,-0.00750448034255,0.303039443004,1
0.175690588316,0.021495568084,-0.00144369148246,0.00799924909683,1
0.176120499677,0.216638194073,-0.00128370650053,-0.285138829991,0
0.180453263559,0.0215345747632,-0.00698648310035,0.0071389482322,0
0.180883955054,-0.17348648716,-0.0068437041357,0.297609392452,1
0.177414225311,0.0217323493472,-0.000891516286668,0.00277596184895,1
0.177848872298,0.216867074853,-0.000835997049689,-0.290188115844,0
0.182186213795,0.0217570543453,-0.00663975936656,0.0022310295439,0
0.182621354882,-0.173269046726,-0.00659513877568,0.292811657765,1
0.179155973947,0.0219463127411,-0.000738905620379,-0.00194396990891,1
0.179594900202,0.217078853146,-0.000777785018558,-0.294859938845,0
0.183936477265,0.0219679991612,-0.00667498379547,-0.00242241516413,0
0.184375837248,-0.173057590101,-0.00672343209875,0.288147021006,1
0.180914685446,0.0221595917502,-0.000960491678629,-0.00664880741241,0
0.181357877281,-0.172948571493,-0.00109346782688,0.285730917945,1
0.177898905851,0.0221889574754,0.00462115053202,-0.00729667999403,1
0.178342685001,0.217244331033,0.00447521693213,-0.298518002855,0
0.182687571622,0.0220588746114,-0.00149514312496,-0.00442704064848,1
0.183128749114,0.217202236391,-0.00158368393793,-0.297581328058,0
0.187472793842,0.022102896461,-0.00753531049909,-0.00539828803539,0
0.187914851771,-0.172910181478,-0.0076432762598,0.284897663827,1
0.184456648141,0.0223199414805,-0.00194532298326,-0.010186068034,0
0.184903046971,-0.172774057207,-0.00214904434394,0.281882451683,1
0.181447565827,0.0223784818175,0.00348860468971,-0.0114774994366,1
0.181895135463,0.217450228481,0.00325905470098,-0.303057691165,0
0.186244140033,0.0222819816824,-0.00280209912233,-0.00934871530519,0
0.186689779666,-0.172799671707,-0.00298907342843,0.282448799914,1
0.183233786232,0.022364786713,0.00265990256985,-0.0111753662138,1
0.183681081967,0.217448490549,0.00243639524558,-0.30301787636,0
0.188030051778,0.0222919010118,-0.00362396228162,-0.00956756140071,0
0.188475889798,-0.172777890611,-0.00381531350963,0.281969762053,1
0.185020331986,0.0223982734276,0.00182408173142,-0.0119140526293,1
0.185468297454,0.217494017459,0.00158580067884,-0.304020902091,0
0.189818177803,0.0223495024812,-0.00449461736299,-0.0108382724779,0
0.190265167853,-0.172707702406,-0.00471138281255,0.280423166454,1
0.186811013805,0.022481137466,0.000897080516537,-0.0137419853091,1
0.187260636554,0.217590211921,0.000622240810355,-0.306141737595,0
0.191612440793,0.0224593992843,-0.00550059394154,-0.0132626365161,0
0.192061628778,-0.172583236104,-0.00576584667186,0.277679724129,1
0.188609964056,0.0226204953862,-0.000212252189286,-0.0168161554904,1
0.189062373964,0.217745489911,-0.000548575299094,-0.309566042828,0
0.193417283762,0.0226313590703,-0.00673989615565,-0.0170561717341,0
0.193869910943,-0.172393288789,-0.00708101959033,0.273492641191,1
0.190422045168,0.0228289782668,-0.00161116676652,-0.0214152203296,0
0.190878624733,-0.172269830167,-0.00203947117311,0.27075892966,1
0.18743322813,0.0228811647108,0.0033757074201,-0.0225665579765,1
0.187890851424,0.217954542737,0.00292437626057,-0.314182501717,0
0.192249942279,0.0227910556718,-0.00335927377377,-0.0205787574977,0
0.192705763392,-0.172282559322,-0.00377084892372,0.27104238935,1
0.189260112206,0.0228929975454,0.00164999886327,-0.0228274914654,1
0.189717972157,0.217991247383,0.00119344903396,-0.314989368411,0
0.194077797104,0.0228523162354,-0.00510633833426,-0.0219303062118,0
0.194534843429,-0.172196034158,-0.0055449444585,0.269137148072,1
0.191090922746,0.023004607055,-0.000162201497064,-0.0252895177875,0
0.191551014887,-0.172115017683,-0.000667991852814,0.26734222823,1
0.188108714533,0.0230164605649,0.00467885271178,-0.0255513134299,1
0.188569043744,0.218071001707,0.00416782644319,-0.31675434492,0
0.192930463779,0.0228899345008,-0.00216726045521,-0.0227599495147,0
0.193388262469,-0.172200869175,-0.0026224594455,0.269238394666,1
0.189944245085,0.0229584081073,0.00276230844782,-0.0242705168262,1
0.190403413247,0.218040636653,0.00227689811129,-0.316080625585,0
0.19476422598,0.0228863274536,-0.00404471440041,-0.0226805131185,0
0.195221952529,-0.172177385805,-0.00449832466278,0.268723520591,1
0.191778404813,0.0230084712014,0.000876145749038,-0.0253748057358,0
0.192238574237,-0.172126033713,0.000368649634323,0.26758442611,1
0.188796053563,0.0229906543434,0.00572033815652,-0.0249822030973,1
0.18925586665,0.218030105835,0.00522069409457,-0.315854823502,0
0.193616468767,0.0228341809943,-0.00109640237546,-0.0215300492835,1
0.194073152387,0.217971838556,-0.00152700336113,-0.314558701929,0
0.198432589158,0.0228716726448,-0.0078181773997,-0.0223577330678,0
0.198890022611,-0.172137290695,-0.00826533206106,0.267848251467,1
0.195447276797,0.0231016376547,-0.00290836703171,-0.0274301176576,0
0.19590930955,-0.171978484957,-0.00345696938486,0.26433376998,1
0.192469739851,0.0231926375491,0.00182970601473,-0.0294375114407,0
0.192933592602,-0.171955504923,0.00124095578592,0.263822145544,1
0.189494482503,0.0231487114749,0.00651739869681,-0.0284691128037,1
0.189957456733,0.218176595315,0.00594801644073,-0.319088623859,0
0.194320988639,0.0229704390091,-0.000433756036451,-0.0245358624974,1
0.194780397419,0.218098607983,-0.000924473286398,-0.317355612695,0
0.199142369579,0.0229898364201,-0.0072715855403,-0.0249643755203,0
0.199602166307,-0.172027083217,-0.0077708730507,0.265415442881,1
0.196161624643,0.0232049125233,-0.00246256419308,-0.0297083224294,0
0.196625722893,-0.171881637621,-0.00305673064167,0.26219662236,1
0.193188090141,0.0232838128708,0.00218720180553,-0.0314488631264,0
0.193653766398,-0.171869435502,0.001558224543,0.261923346063,1
0.190216377688,0.0232302381643,0.00679669146426,-0.0302676913203,1
0.190680982452,0.218254064764,0.00619133763786,-0.320798462494,0
0.195046063747,0.0230444921102,-0.000224631612016,-0.0261694740355,1
0.195506953589,0.218169664005,-0.000748021092726,-0.318923266187,0
0.199870346869,0.0230583742598,-0.00712648641646,-0.0264763316285,0
0.200331514354,-0.17196065635,-0.00765601304903,0.26394961675,1
0.196892301227,0.0232697313336,-0.00237702071403,-0.0311382281608,0
0.197357695854,-0.171818051652,-0.00299978527724,0.260793776168,1
0.193921334821,0.0233465930669,0.00221609024613,-0.032833809287,0
0.194388266682,-0.171807067567,0.00155941406039,0.260547492856,1
0.190952125331,0.0232925879725,0.00677036391751,-0.0316431670776,1
0.19141797709,0.218316797748,0.00613750057596,-0.322182305366,0
0.195784313045,0.0231079875774,-0.000306145531365,-0.0275701912303,0
0.196246472797,-0.172009571956,-0.000857549355972,0.26501612757,1
-0.0308546262867,0.0194762943834,0.00155794555106,0.0472736297868,0
-0.030465100399,-0.175667961965,0.0025034181468,0.340447694876,0
-0.0339784596383,-0.370825443141,0.00931237204432,0.633919003503,1
-0.0413949685011,-0.175834623618,0.0219907521144,0.34418325418,0
-0.0449116609735,-0.371262397338,0.028874417198,0.643718797004,1
-0.0523369089203,-0.176554520841,0.0417487931381,0.360266623537,1
-0.0558679993371,0.0179498805551,0.0489541256088,0.081034824743,0
-0.055509001726,-0.177838404955,0.0505748221037,0.388752182363,1
-0.0590657698251,0.0165305726584,0.0583498657509,0.112434165865,1
-0.0587351583719,0.210769983792,0.0605985490682,-0.161283967715,0
-0.0545197586961,0.0148352062212,0.0573728697139,0.149883803823,1
-0.0542230545716,0.209090672171,0.0603705457904,-0.124161589926,0
-0.0500412411282,0.0131581160462,0.0578873139919,0.186939995767,1
-0.0497780788073,0.207406129704,0.0616261139072,-0.0869346087509,1
-0.0456299562132,0.401593068747,0.0598874217322,-0.359555471598,0
-0.0375980948383,0.2056731985,0.0526963123002,-0.048606129841,1
-0.0334846308683,0.400001478574,0.0517241897034,-0.324208374233,1
-0.0254846012968,0.594350241529,0.0452400222187,-0.600141504347,0
-0.0135975964662,0.398625549209,0.0332371921318,-0.293558820956,1
-0.00562508548204,0.593258248474,0.0273660157126,-0.575576689615,0
0.00624007948744,0.397763578218,0.0158544819203,-0.274399877242,0
0.0141953510518,0.20241904581,0.0103664843755,0.0232411175276,1
0.018243731968,0.397390809536,0.0108313067261,-0.266153122049,1
0.0261915481587,0.592356511093,0.00550824428509,-0.555400178015,0
0.0380386783806,0.397157656209,-0.00559975927521,-0.260986921908,0
0.0459818315047,0.202116087441,-0.0108194977134,0.0299245236494,1
0.0500241532536,0.397391511968,-0.0102210072404,-0.266152339145,0
0.0579719834929,0.202416918735,-0.0155440540233,0.0232893504313,1
0.0620203218676,0.397758297076,-0.0150782670147,-0.274257087211,0
0.0699754878092,0.202854693166,-0.0205634087589,0.0136322426525,1
0.0740325816725,0.398265421646,-0.0202907639058,-0.285467095741,0
0.0819978901054,0.203438645173,-0.0260001058206,0.000747835938597,1
0.0860666630088,0.398923640666,-0.0259851491019,-0.300023721091,0
0.0940451358221,0.204181524495,-0.0319856235237,-0.0156479368948,0
0.098128766312,0.00953253983858,-0.0322985822616,0.266774026765,1
0.0983194171088,0.20510021293,-0.0269631017263,-0.0359186165319,0
0.102421421367,0.0103750867658,-0.0276814740569,0.248136712555,1
0.102628923103,0.20588120659,-0.0227187398058,-0.0531474314377,0
0.106746547235,0.0110922558602,-0.0237816884346,0.232281859018,1
0.106968392352,0.206545804044,-0.0191360512542,-0.0678067177176,0
0.111099308433,0.0117033590045,-0.0204921856086,0.218777783971,1
0.111333375613,0.207112155644,-0.0161166299291,-0.0802981505965,0
0.115475618726,0.0122249027477,-0.0177225929411,0.207256679639,1
0.115720116781,0.20759573641,-0.0135774593483,-0.090963718566,1
0.119872031509,0.402909640339,-0.0153967337196,-0.387899221071,0
0.127930224316,0.208009586262,-0.023154718141,-0.100110252307,0
0.132090416041,0.0132270024498,-0.0251569231872,0.185178424862,1
0.13235495609,0.208699697067,-0.0214533546899,-0.115333195548,0
0.136528950031,0.0138916050305,-0.0237600186009,0.170504897818,1
0.136806782132,0.20934543539,-0.0203499206445,-0.129577883936,0
0.14099369084,0.0145208205651,-0.0229414783232,0.156616066179,1
0.141284107251,0.20996359648,-0.0198091569997,-0.143215156252,0
0.14548337918,0.0151308602687,-0.0226734601247,0.143153098991,1
0.145785996386,0.210570066995,-0.0198103981449,-0.156595786079,0
0.149997397726,0.0157372717181,-0.0229423138665,0.129772185735,1
0.15031214316,0.211180231087,-0.0203468701518,-0.170059551769,0
0.154535747782,0.0163553300712,-0.0237480611871,0.11613574234,1
0.154862854383,0.211809358628,-0.0214253463403,-0.183943905405,0
0.159099041556,0.0170004193816,-0.0251042244484,0.101903866501,1
0.159439049943,0.212472984272,-0.0230661471184,-0.198592459112,0
0.163688509629,0.0176884122691,-0.0270379963007,0.0867258304788,0
0.164042277874,-0.177035748262,-0.0253034796911,0.37075711008,1
0.160501562909,0.0184363882994,-0.0178883374895,0.0702043366562,0
0.160870290675,-0.176424596711,-0.0164842507564,0.357190159117,1
0.157341798741,0.0189277844278,-0.00934044757403,0.0593552486704,1
0.157720354429,0.214182405028,-0.00815334260062,-0.23625995789,0
0.16200400253,0.019177884001,-0.0128785417584,0.0538400450524,0
0.16238756021,-0.175757061351,-0.0118017408574,0.342432028331,1
0.158872418983,0.0195307881589,-0.00495310029074,0.0460510224892,1
0.159263034746,0.214723412286,-0.00403207984096,-0.248190527714,0
0.163557502992,0.0196592760973,-0.00899589039525,0.0432178698442,0
0.163950688514,-0.175332529645,-0.00813153299836,0.333048987497,1
0.160444037921,0.0199042099926,-0.00147055324843,0.0378129156889,1
0.160842122121,0.215047218138,-0.00071429493465,-0.255333622527,0
0.165143066483,0.0199354728007,-0.00582096738518,0.0371239181239,1
0.165541775939,0.215140411534,-0.00507848902271,-0.257389884043,0
0.16984458417,0.0200913318703,-0.0102262867036,0.0336868932153,0
0.170246410808,-0.174882489097,-0.00955254883926,0.323125856586,1
0.166748761026,0.0203741746023,-0.00309003170754,0.0274458173415,1
0.167156244518,0.215540302492,-0.00254111536071,-0.266210444743,0
0.171467050567,0.0204547109117,-0.00786532425556,0.0256699107265,0
0.171876144786,-0.174553567053,-0.00735192604103,0.315860898336,1
0.168385073445,0.020672330062,-0.00103470807432,0.0208685199323,1
0.168798520046,0.215809104773,-0.000617337675672,-0.272140689565,0
0.173114702141,0.0206959679122,-0.00606015146697,0.0203474626914,0
0.1735286215,-0.174338552347,-0.00565320221315,0.311112197425,1
0.170041850453,0.0208634820451,0.000569041735349,0.0166517920282,1
0.170459120094,0.215977267906,0.000902077575913,-0.275851541118,0
0.174778665452,0.0208424581685,-0.00461495324644,0.017115765168,1
0.175195514615,0.216030288139,-0.00427263794308,-0.277019653429,0
0.179516120378,0.020969552724,-0.00981303101165,0.0143126272753,0
0.179935511432,-0.174010302478,-0.00952677846615,0.303883343604,1
0.176455305383,0.0212461134915,-0.00344911159407,0.00821118007874,0
0.176880227653,-0.173826203236,-0.0032848879925,0.299803877885,1
0.173403703588,0.0213424155992,0.00271118956519,0.00608677377064,1
0.1738305519,0.216425379757,0.00283292504061,-0.285739508236,0
0.178159059495,0.021263140727,-0.00288186512412,0.00783555445698,1
0.17858432231,0.216426303109,-0.00272515403498,-0.285755240647,0
0.182912848372,0.0213433233033,-0.00844025884792,0.00606694818546,0
0.183339714838,-0.173656571885,-0.00831891988421,0.296074965843,1
0.1798665834,0.0215829792511,-0.00239742056735,0.000780038425094,0
0.180298242985,-0.173504507537,-0.00238181979885,0.292705586668,1
0.176828152834,0.0216513222368,0.00347229193452,-0.000727582002342,1
0.177261179279,0.216723304018,0.00345774029447,-0.292312938939,0
0.181595645359,0.0215522231241,-0.0023885184843,0.0014585059302,1
0.182026689822,0.216708347593,-0.00235934836569,-0.291977069513,0
0.186360856774,0.0216201159867,-0.00819888975595,-3.9184351769e-05,0
0.186793259094,-0.173383297289,-0.00819967344298,0.290045657676,1
0.183325593148,0.0218546105261,-0.00239876028947,-0.00521203601754,0
0.183762685358,-0.173232857019,-0.00250300100982,0.286713088544,1
0.180298028218,0.021924700546,0.00323126076106,-0.00675821233358,1
0.180736522229,0.217000162191,0.00309609651439,-0.298419888198,0
0.185076525473,0.0218342145853,-0.00287230124957,-0.00476211898557,0
0.185513209764,-0.173246426158,-0.00296754362928,0.287013179645,1
0.182048281241,0.0219177194806,0.00277271996362,-0.00660420635178,1
0.182486635631,0.21699979642,0.00264063583659,-0.298411018297,0
0.186826631559,0.0218403037782,-0.00332758452935,-0.00489645392927,1
0.187263437635,0.217009818872,-0.00342551360793,-0.298627413811,0
0.191603634012,0.0219368636046,-0.00939806188415,-0.00702679669908,0
0.192042371284,-0.173049053945,-0.00953859781813,0.28267617381,1
0.188581390205,0.0222076429728,-0.00388507434192,-0.0129998528493,0
0.189025543065,-0.172858376362,-0.00414507139891,0.278454758956,1
0.185568375538,0.0223224616316,0.00142402378021,-0.0155326303972,1
0.18601482477,0.21742396168,0.00111337117227,-0.307765920894,0
0.190363304004,0.0222861636874,-0.0050419472456,-0.0147320742664,0
0.190809027278,-0.172763118117,-0.00533658873093,0.276355803444,1
0.187353764915,0.0224345617579,0.000190527337942,-0.0180054967163,0
0.18780245615,-0.172690121324,-0.000169582596383,0.274737537631,1
0.184348653724,0.0224342490596,0.00532516815624,-0.0179988710187,1
0.184797338705,0.217479428,0.00496519073586,-0.308996899167,0
0.189146927265,0.0222870844586,-0.00121474724749,-0.0147522328448,1
0.189592668954,0.217426435587,-0.00150979190438,-0.307818179178,0
0.193941197666,0.022326029934,-0.00766615548794,-0.0156117828941,0
0.194387718265,-0.172685144949,-0.00797839114582,0.274642556239,1
0.190934015366,0.0225497267865,-0.00248554002103,-0.0205460528086,0
0.191385009901,-0.172536491135,-0.0028964610772,0.271351622142,1
0.187934280079,0.0226266714697,0.00253057136564,-0.0222434521433,1
0.188386813508,0.217712240558,0.00208570232277,-0.314126881623,0
0.192741058319,0.0225606403074,-0.00419683530969,-0.0207869219134,0
0.193192271125,-0.172500873237,-0.00461257374796,0.270568905671,1
0.189742253661,0.0226865948046,0.000798804365466,-0.023565273687,0
0.190195985557,-0.17244680289,0.000327498891727,0.269369577929,1
0.186747049499,0.0226704731687,0.00571489045032,-0.0232100357909,1
0.187200458962,0.217710003193,0.0052506897345,-0.314084384704,0
0.191554659026,0.0225136498874,-0.00103099795958,-0.019750195183,0
0.192004932024,-0.17259350054,-0.00142600186324,0.27260726157,1
0.188553062013,0.0225487691812,0.00402614336816,-0.020525089805,1
0.189004037397,0.21761275053,0.00361564157206,-0.311935007414,0
0.193356292407,0.0224394760967,-0.00262305857623,-0.0181140130606,0
0.193805081929,-0.172644759422,-0.00298533883744,0.273740155183,1
0.190352186741,0.0225196601553,0.00248946426622,-0.0198828579837,1
0.190802579944,0.217605821456,0.00209180710654,-0.311779291422,0
0.195154696373,0.022454131608,-0.0041437787219,-0.0184374062465,0
0.195603779005,-0.172608148739,-0.00451252684683,0.272935234773,1
0.19215161603,0.0225778990672,0.000946177848631,-0.0211675344163,1
0.192603174012,0.217686268353,0.000522827160306,-0.313551781095,0
0.196956899379,0.0225568730786,-0.00574820846159,-0.0207040170095,0
0.19740803684,-0.172482173099,-0.00616228880178,0.270159754943,1
0.193958393378,0.0227271709368,-0.000759093702923,-0.0244604029382,0
0.194412936797,-0.172383885989,-0.00124830176169,0.267982924603,1
0.190965259077,0.0227558579762,0.00411135673037,-0.0250934639095,1
0.191420376237,0.217818608257,0.00360948745217,-0.316476380964,0
0.195776748402,0.0226454309104,-0.00272004016711,-0.0226573350312,0
0.19622965702,-0.172437406897,-0.00317318686773,0.26916614835,1
0.192780908882,0.0227296840776,0.00221013609927,-0.0245159296168,1
0.193235502564,0.217819870382,0.00171981750693,-0.316500714871,0
0.197591899972,0.0226734648218,-0.00461019679049,-0.0232759133324,0
0.198045369268,-0.172382069461,-0.00507571505714,0.267948885773,1
0.194597727879,0.0228119502055,0.000283262658309,-0.0263306259846,1
0.195053966883,0.21792983807,-0.000243349861382,-0.318924166819,0
0.199412563644,0.0228113535411,-0.00662183319777,-0.0263179935503,0
0.199868790715,-0.172215012429,-0.00714819306878,0.26426833696,1
0.196424490467,0.0230082339293,-0.00186282632957,-0.0306606020321,0
0.196884655145,-0.172086953868,-0.00247603837021,0.261434001287,1
0.193442916068,0.0230702545703,0.00275264165553,-0.0320288685607,1
0.193904321159,0.218152623678,0.00211206428431,-0.323842037988,0
0.198267373633,0.0230006622508,-0.00436477647545,-0.0304938023122,0
0.198727386878,-0.172058424532,-0.0049746525217,0.260808800563,1
0.195286218387,0.023134185735,0.000241523489572,-0.0334390338047,0
0.195748902102,-0.171991228188,-0.000427257186523,0.259320086449,1
0.192309077538,0.0231368198864,0.00475914454245,-0.0334975725571,1
0.192771813936,0.218190200994,0.00408919309131,-0.324675147621,0
0.197135617956,0.0230102647644,-0.00240430986112,-0.0307054716311,0
0.197595823251,-0.17207712496,-0.00301841929374,0.261217900731,1
0.194154280752,0.0230877835031,0.00220593872088,-0.0324155423004,1
0.194616036422,0.218178031233,0.00155762787487,-0.324401656432,0
0.198979597046,0.0230339359512,-0.00493040525377,-0.0312279261933,0
0.199440275765,-0.172016964944,-0.00555496377764,0.259895335781,1
0.195999936467,0.0231838441518,-0.000357057062013,-0.0345345112513,0
0.19646361335,-0.171932984943,-0.00104774728704,0.25803573896,1
0.193024953651,0.0232039087609,0.00411296749216,-0.0349774785793,1
0.193489031826,0.218266638136,0.00341341792057,-0.326359888778,0
0.197854364589,0.0230962549767,-0.00311377985499,-0.0326024766267,0
0.198316289688,-0.171980905206,-0.00376582938752,0.259096395305,1
0.194876671584,0.0231946038434,0.00141609851857,-0.0347719435886,0
0.195340563661,-0.17194762597,0.000720659646797,0.258357440463,1
0.191901611142,0.0231640294543,0.00588780845605,-0.0340980927575,1
0.192364891731,0.218201054797,0.00520584660091,-0.324917554195,0
0.196728912827,0.023005368717,-0.00129250448299,-0.0305974805526,0
0.197189020201,-0.172098023449,-0.00190445409404,0.261677367034,1
