-0.0237503583453,0.0286529530631,0.00124654588099,-0.0275084103729,0
-0.023177299284,-0.166486852323,0.000696377673533,0.265567554683,0
-0.0265070363305,-0.361618735775,0.00600772876718,0.55847004391,0
-0.033739411046,-0.556824500993,0.0171771296454,0.853039669242,1
-0.0448759010658,-0.36194085955,0.0342379230302,0.565807159663,1
-0.0521147182568,-0.167315542325,0.0455540662235,0.284104259998,0
-0.0554610291033,-0.363056614937,0.0512361514234,0.590799538016,1
-0.0627221614021,-0.168688042321,0.0630521421838,0.314686118161,1
-0.0660959222485,0.0254817228873,0.069345864547,0.042535280065,0
-0.0655862877908,-0.170562570923,0.0701965701483,0.356266291425,1
-0.0689975392092,0.0234947947867,0.0773218959768,0.0865179669899,1
-0.0685276433135,0.217428145624,0.0790522553166,-0.180802901646,0
-0.064179080401,0.0212692148153,0.0754361972837,0.135733751017,1
-0.0637536961047,0.215234143497,0.078150872304,-0.132228985671,1
-0.0594490132347,0.409154700821,0.0755062925906,-0.399269012402,0
-0.0512659192183,0.213047375084,0.0675209123425,-0.0837683981446,1
-0.0470049717167,0.407139730927,0.0658455443796,-0.35440745515,1
-0.0388621770981,0.60126665457,0.0587573952766,-0.625622216488,0
-0.0268368440067,0.405375826896,0.0462449509469,-0.315028317823,1
-0.0187293274688,0.599809575143,0.0399443845904,-0.592775964383,0
-0.00673313596595,0.404151892433,0.0280888653028,-0.287783019585,1
0.00134990188271,0.598862251546,0.0223332049111,-0.571476307739,0
0.0133271469136,0.403434362239,0.0109036787563,-0.271842159778,0
0.0213958341584,0.208158533489,0.00546683556072,0.0242597892646,1
0.0255590048282,0.403201660471,0.00595203134601,-0.266693287733,1
0.0336230380376,0.598238160312,0.000618165591346,-0.557492968506,0
0.0455878012439,0.403107536591,-0.0105316937788,-0.264615348175,0
0.0536499519757,0.20813747695,-0.0158240007423,0.0247272616463,1
0.0578127015147,0.403482741383,-0.0153294555093,-0.272906012142,0
0.0658823563423,0.20858283969,-0.0207875757522,0.014902807692,1
0.0700540131361,0.40399664693,-0.0204895195983,-0.284265680427,0
0.0781339460747,0.209172831841,-0.0261748332069,0.00188520381491,1
0.0823174027116,0.404660199236,-0.0261371291306,-0.298939925784,0
0.0904106066963,0.209920375642,-0.0321159276463,-0.0146134030969,0
0.0946090142091,0.0152733755818,-0.0324081957082,0.267766076292,1
0.0949144817207,0.210842491495,-0.0270528741823,-0.0349598994377,0
0.0991313315506,0.0161187215865,-0.0277520721711,0.24906630443,1
0.0994537059824,0.211625779576,-0.0227707460825,-0.0522394203797,0
0.103686221574,0.0168376095803,-0.0238155344901,0.233173067802,1
0.104022973765,0.212291608149,-0.019152073134,-0.0669258961095,0
0.108268805928,0.0174494036006,-0.0204905910562,0.2196534457,1
0.108617794,0.212858170726,-0.0160975221422,-0.079421985483,1
0.112874957415,0.408207141388,-0.0176859618519,-0.377139943795,0
0.121039100243,0.213340785285,-0.0252287607278,-0.0900855248276,0
0.125305915948,0.018589366308,-0.0270304712243,0.194532171673,1
0.125677703275,0.214087338252,-0.0231398277909,-0.106553653691,0
0.12995945004,0.0193045013944,-0.0252709008647,0.17873988023,1
0.130345540068,0.214778800243,-0.0216961032601,-0.121806802002,0
0.134641116072,0.0199742998296,-0.0241322393001,0.163953023461,1
0.135040602069,0.215433248224,-0.0208531788309,-0.136244221679,0
0.139349267033,0.0206160957182,-0.0235780632645,0.149787581214,1
0.139761588948,0.216067600512,-0.0205823116402,-0.150239495803,0
0.144082940958,0.0212463312916,-0.0235871015563,0.135879738502,1
0.144507867584,0.216698050681,-0.0208695067862,-0.164150254354,0
0.148841828598,0.0218809708823,-0.0241525118733,0.121876540597,1
0.149279448015,0.21734047849,-0.0217149810614,-0.178327358037,0
0.153626257585,0.0225359006092,-0.0252815282221,0.10742691511,1
0.154076975597,0.218010846926,-0.0231329899199,-0.193123782705,0
0.158437192536,0.0232273222509,-0.026995465574,0.0921728386815,0
0.158901738981,-0.171497505384,-0.0251520088004,0.376217953623,1
0.155471788873,0.0239724912123,-0.0176276497279,0.0757117870941,0
0.155951238697,-0.170892374545,-0.016113413986,0.36278141292,1
0.152533391206,0.0244548468101,-0.00885778572765,0.0650614816259,1
0.153022488143,0.219702667526,-0.00755655609513,-0.230402915061,0
0.157416541493,0.024689507679,-0.0121646143963,0.0598868667366,1
0.157910331647,0.219983743025,-0.0109668770616,-0.236609120564,0
0.162310006507,0.0250201769721,-0.0156990594729,0.0525944449163,0
0.162810410047,-0.169873191759,-0.0146471705746,0.340283139723,1
0.159412946211,0.0254540706382,-0.00784150778012,0.0430175604676,1
0.159922027624,0.220687583409,-0.00698115657077,-0.252129084825,0
0.164335779292,0.0256660114328,-0.0120237382673,0.0383437012996,0
0.164849099521,-0.169281473533,-0.0112568642413,0.327208897418,1
0.16146347005,0.0259989175935,-0.00471268629291,0.0309974213477,1
0.161983448402,0.221188133017,-0.00409273786595,-0.263168675157,0
0.166407211063,0.0261248395303,-0.00935611136909,0.0282205529471,0
0.166929707853,-0.168861697582,-0.00879170031015,0.317936900721,1
0.163552473902,0.0263843617603,-0.00243296229573,0.0224944035524,1
0.164080161137,0.221541119355,-0.00198307422468,-0.270955156655,0
0.168510983524,0.0264475223455,-0.00740217735777,0.0211016400031,0
0.169039933971,-0.168567496074,-0.00698014455771,0.311439933419,1
0.165668584049,0.026653200901,-0.000751345889342,0.0165638758097,1
0.166201648067,0.221785919255,-0.000420068373149,-0.276356014774,0
0.170637366452,0.0266699636497,-0.00594718866863,0.016194392713,0
0.171170765725,-0.16836619497,-0.00562330081437,0.306994993813,1
0.167803441826,0.026835432221,0.000516599061892,0.0125439407157,1
0.16834015047,0.221949970925,0.000767477876207,-0.279975948169,0
0.172779149889,0.0268170800561,-0.00483204108717,0.0129489404041,1
0.17331549149,0.222007994478,-0.00457306227909,-0.281254627708,0
0.17775565138,0.0269515723016,-0.0101981548333,0.00998247054188,0
0.178294682826,-0.168022649897,-0.00999850542242,0.299430390086,1
0.174934229828,0.0272403821143,-0.00400989762069,0.00361097068147,0
0.17547903747,-0.167823832474,-0.00393767820706,0.295026033458,1
0.17212256082,0.0273540344177,0.00196284246209,0.00110382843532,1
0.172669641509,0.22244778068,0.0019849190308,-0.290959151909,0
0.177118597122,0.0272975830896,-0.00383426400739,0.00234913363351,0
0.177664548784,-0.167769169895,-0.00378728133472,0.293819841415,1
0.174309165386,0.0274065721398,0.00208911549359,-5.51300629973e-05,1
0.174857296829,0.222498500171,0.00208801289233,-0.292078184007,0
0.179307266833,0.0273468399164,-0.00375355078781,0.00126254360335,1
0.179854203631,0.222522420828,-0.00372829991575,-0.292602306714,0
0.184304652047,0.0274538253743,-0.00958034605002,-0.00109756478957,0
0.184853728555,-0.167529428646,-0.00960229734581,0.288547315576,1
0.181503139982,0.0277281278405,-0.00383135103429,-0.00714854863203,0
0.182057702539,-0.167338667408,-0.00397432200693,0.28432308222,1
0.178710929191,0.0278397417828,0.00171213963747,-0.00961066699726,1
0.179267724026,0.222937096769,0.00151992629753,-0.301752901735,0
0.183726465962,0.0277935156236,-0.00451513173718,-0.00859100996905,0
0.184282336274,-0.167263392242,-0.00468695193656,0.282663925231,1
0.180937068429,0.0279250966557,0.000966326568064,-0.011493551091,1
0.181495570362,0.22303317614,0.000736455546245,-0.303871433709,0
0.185956233885,0.0279007371624,-0.00534097312794,-0.0109563367061,0
0.186514248628,-0.167144211661,-0.00556009986206,0.280036675017,1
0.183171364395,0.0280566109445,4.06336382816e-05,-0.0143946939077,1
0.183732496614,0.223177979403,-0.000247260239873,-0.307064800064,0
0.188196056202,0.0280595523845,-0.00638855624115,-0.014459862993,0
0.18875724725,-0.166970198963,-0.00667775350101,0.276200571383,1
0.185417843271,0.0282463842166,-0.00115374207334,-0.0185810194683,0
0.185982770955,-0.166859002053,-0.00152536246271,0.273737665061,1
0.182645590914,0.0282846803281,0.00394939083851,-0.0194259743666,1
0.18321128452,0.223349770921,0.00356087135117,-0.310860210447,0
0.187678279939,0.0281772688133,-0.00265633285777,-0.0170564193812,0
0.188241825315,-0.166906486917,-0.0029974612454,0.274787220875,1
0.184903695577,0.0282581029086,0.0024982831721,-0.018839601019,1
0.185468857635,0.223344137012,0.00212149115172,-0.310733244476,0
0.189935740375,0.0281920247084,-0.0040931737378,-0.0173820168339,0
0.190499580869,-0.166870987144,-0.00444081407447,0.274006660155,1
0.187162161126,0.0283140440815,0.00103931912862,-0.0200735948267,1
0.187728442008,0.223421074942,0.00063784723209,-0.312428423285,0
0.192196863507,0.028290042614,-0.00561072123362,-0.0195444072612,0
0.192762664359,-0.166750997173,-0.00600160937884,0.271363004097,1
0.189427644416,0.0284560782029,-0.000574349296903,-0.0232067981294,1
0.18999676598,0.223586261418,-0.00103848525949,-0.31607088336,0
0.194468491208,0.0284791177674,-0.00735990292669,-0.0237156403051,0
0.195038073563,-0.166536516588,-0.00783421573279,0.266636096609,1
0.191707343232,0.0286963640272,-0.00250149380062,-0.0285074734216,0
0.192281270512,-0.166389624921,-0.00307164326905,0.263385156032,1
0.188953478014,0.0287760352582,0.00219605985159,-0.030265014899,1
0.189528998719,0.223866424986,0.00159075955361,-0.32225425277,0
0.194006327219,0.0287218572858,-0.0048543255018,-0.0290700884703,0
0.194580764364,-0.166330144586,-0.0054357272712,0.262077301028,1
0.191254161473,0.0288689751258,-0.000194181250638,-0.0323151488176,0
0.191831540975,-0.16625019091,-0.000840484226991,0.260306505431,1
0.188506537157,0.0288837484297,0.00436564588162,-0.0326414025284,1
0.189084212126,0.223942823214,0.00371281783106,-0.323943730694,0
0.19356306859,0.0287682022241,-0.00276605678282,-0.0300922511361,0
0.194138432634,-0.166313973126,-0.00336790180554,0.261716672792,1
0.190812153172,0.0288558913271,0.0018664316503,-0.0320266248241,1
0.191389270998,0.223951027387,0.00122589915381,-0.324120088607,0
0.195868291546,0.0288116420991,-0.00525650261832,-0.0310508163603,0
0.196444524388,-0.166234535179,-0.00587751894552,0.259969002949,1
0.193119833685,0.0289708253723,-0.000678138886541,-0.0345619609533,0
0.193699250192,-0.166141394571,-0.00136937810561,0.257906928849,1
0.190376422301,0.0290000798707,0.00378876047138,-0.0352076054041,1
0.190956423898,0.224067494935,0.0030846083633,-0.326692734989,0
0.195437773797,0.028901763258,-0.00344924633647,-0.033038656774,0
0.196015809062,-0.16617055497,-0.00411001947195,0.258554003533,1
0.192692397962,0.0290098299804,0.0010610605987,-0.0354224434414,0
0.193272594562,-0.166127321015,0.000352611729876,0.257595070038,1
0.189950048142,0.0289895942883,0.00550451313064,-0.0349766168757,1
0.190529840028,0.224032178484,0.00480498079313,-0.325917742199,0
0.195010483597,0.0288421455572,-0.00171337405085,-0.0317234137721,0
0.195587326508,-0.166255193194,-0.00234784232629,0.260418433077,1
0.192262222644,0.0289001953406,0.00286052633525,-0.0330041079093,1
0.192840226551,0.22398100889,0.00220044417706,-0.324783137436,0
0.197319846729,0.0288277957737,-0.00429521857166,-0.0314070963873,0
0.197896402645,-0.166232297303,-0.0049233604994,0.259917553871,1
0.194571756699,0.028959590282,0.000274990578023,-0.0343141911405,1
0.195150948504,0.224077596971,-0.000411293244787,-0.326910342878,0
0.199632500444,0.0289615038296,-0.00694950010236,-0.0343571481322,0
0.20021173052,-0.16606010344,-0.007636643065,0.25612506221,1
0.196890528451,0.029170042349,-0.00251414182081,-0.0389567686342,0
0.197473929298,-0.165915766044,-0.00329327719349,0.252931862199,1
0.194155613977,0.0292530548191,0.00176536005049,-0.0407880032881,0
0.194740675074,-0.165894166828,0.00094959998473,0.252451388637,1
0.191422791737,0.0292142119159,0.00599862775747,-0.0399318651733,1
0.192007075976,0.22424963192,0.005199990454,-0.330716145663,0
0.196492068614,0.0290540476336,-0.00141433245926,-0.036397937473,0
0.197073149567,-0.166047593288,-0.00214229120872,0.255838417603,1
0.193752197701,0.0291048790949,0.00297447714334,-0.0375194523786,1
0.194334295283,0.224184050006,0.00222408809576,-0.329262419282,0
0.198817976283,0.0290305080888,-0.00436116028987,-0.0358789490493,0
0.199398586445,-0.166028632521,-0.00507873927085,0.255424802331,1
0.196078013794,0.0291654623429,2.97567757687e-05,-0.0388557068314,0
0.196661323041,-0.165956915576,-0.000747357360859,0.253836608409,1
0.19334218473,0.029175698883,0.00432937480733,-0.0390819545803,1
0.193925698707,0.224235300242,0.00354773571572,-0.330395782333,0
0.198410404712,0.0290630273011,-0.00306017993094,-0.0365961831989,0
0.198991665258,-0.166014907061,-0.00379210359491,0.255119656715,1
0.195671367117,0.0291609817966,0.00131028953939,-0.0387569473797,1
0.196254586753,0.224264118979,0.000535150591792,-0.331026176915,0
0.200739869132,0.0291345542176,-0.00608537294651,-0.0381745374189,0
0.201322560217,-0.165899606189,-0.00684886369489,0.252582197759,1
0.198004568093,0.0293194683823,-0.00179721973971,-0.0422530964628,0
0.198590957461,-0.165776665153,-0.00264228166896,0.249862248901,1
0.195275424158,0.0293829194418,0.00235496330905,-0.0436529359961,0
0.195863082546,-0.165772721702,0.00148190458912,0.249772072565,1
0.192547628112,0.0293280357135,0.00647734604042,-0.0424430624321,1
0.193134188827,0.224356507574,0.00562848479178,-0.333075306862,0
0.197621318978,0.0291548990169,-0.00103302134547,-0.0386227661895,0
0.198204416958,-0.165952223444,-0.00180547666926,0.253734053127,1
0.0188345311019,-0.0250578794452,-0.0440974839024,0.000702690604484,0
0.018333373513,-0.219520576212,-0.0440834300903,0.279152710474,0
0.0139429619888,-0.413986841215,-0.0385003758808,0.557612385988,0
0.00566322516445,-0.608547770747,-0.0273481281611,0.837921197456,0
-0.00650773025049,-0.803285781555,-0.010589704212,1.12187963666,1
-0.0225734458816,-0.608026574998,0.0118478885212,0.825893934366,0
-0.0347339773816,-0.803308536538,0.0283657672086,1.12227951549,1
-0.0508001481123,-0.608569784862,0.0508113575184,0.838627314894,1
-0.0629715438096,-0.414177131912,0.0675839038163,0.562346777738,1
-0.0712550864478,-0.220065424902,0.0788308393711,0.291698475421,0
-0.0756563949458,-0.416217703822,0.0846648088795,0.608165425306,1
-0.0839807490223,-0.222375088654,0.0968281173856,0.343304723917,1
-0.0884282507953,-0.0287544287522,0.103694211864,0.0826571689865,1
-0.0890033393704,0.164740032668,0.105347355244,-0.175594016372,0
-0.085708538717,-0.0317194908785,0.101835474916,0.148376406045,1
-0.0863429285346,0.161807905907,0.104803003037,-0.110522854362,1
-0.0831067704165,0.355284131961,0.10259254595,-0.368389133642,0
-0.0760010877773,0.158865454994,0.095224763277,-0.0452009469464,1
-0.0728237786774,0.352502085043,0.0943207443381,-0.306386210288,1
-0.0657737369765,0.546162281696,0.0881930201323,-0.56789610314,0
-0.0548504913426,0.349921170895,0.0768350980695,-0.24878332029,1
-0.0478520679247,0.543866546732,0.0718594316638,-0.516275771106,1
-0.03697473699,0.737906953243,0.0615339162416,-0.785476722656,0
-0.0222165979252,0.541995966751,0.0458243817885,-0.474086861909,1
-0.0113766785902,0.736441838021,0.0363426445503,-0.751981834836,0
0.00335215817024,0.540838079586,0.0213030078536,-0.448087553545,1
0.014168919762,0.73565231149,0.0123412567827,-0.733979985631,0
0.0288819659918,0.540362049077,-0.00233834292991,-0.437438662337,0
0.0396892069733,0.345273274513,-0.0110871161766,-0.145493772722,1
0.0465946724636,0.540552232851,-0.0139969916311,-0.441653752414,0
0.0574057171206,0.34563112328,-0.0228300666794,-0.153415709852,0
0.0643183395862,0.150843378102,-0.0258983808764,0.131978310394,1
0.0673352071482,0.346326552207,-0.0232588146685,-0.168761392345,0
0.0742617381923,0.151545108646,-0.0266340425154,0.116494273018,1
0.0772926403653,0.347038353074,-0.0243041570551,-0.184471074417,0
0.0842334074267,0.152272431374,-0.0279935785434,0.100446808632,1
0.0872788560542,0.347784158627,-0.0259846423708,-0.200934918806,0
0.0942345392268,0.153043293067,-0.0300033407469,0.0834391428825,1
0.0972954050881,0.348582198197,-0.0283345578892,-0.218556865355,0
0.104267049052,0.153876503179,-0.0327056951963,0.0650552004326,1
0.107344579116,0.34945173068,-0.0314045911877,-0.237764515451,0
0.114333613729,0.154792182302,-0.0361598814967,0.0448493997353,0
0.117429457375,-0.0397930976422,-0.035262893502,0.325907831276,1
0.116633595422,0.155812712613,-0.0287447368765,0.0223163774511,1
0.119749849675,0.351334846789,-0.0282984093274,-0.27929545699,0
0.12677654661,0.156627772064,-0.0338843184673,0.00432959985626,0
0.129909102052,-0.0379922570184,-0.0337977264701,0.286131986772,1
0.129149256911,0.157594993623,-0.0280750867347,-0.0170159826222,0
0.132301156784,-0.0371133125947,-0.0284154063871,0.266678389698,1
0.131558890532,0.158402418449,-0.0230818385932,-0.0348298203895,0
0.134726938901,-0.0363810583576,-0.0237784350009,0.250482109002,1
0.133999317734,0.159072241801,-0.0187687928209,-0.0496051622423,0
0.13718076257,-0.0357756239808,-0.0197608960658,0.237097457877,1
0.13646525009,0.159622987606,-0.0150189469082,-0.0617525603634,0
0.139657709842,-0.0352804415539,-0.0162539981155,0.226154206511,1
0.138952101011,0.160069987703,-0.0117309139853,-0.0716111956781,1
0.142153500765,0.35535813694,-0.0131631378988,-0.367972073536,0
0.149260663504,0.160425675005,-0.0205225793695,-0.0794685627522,0
0.152469177004,-0.0343961583304,-0.0221119506246,0.206669433856,1
0.151781253838,0.161034895324,-0.0179785619475,-0.0929058679809,0
0.155001951744,-0.0338248158455,-0.0198366793071,0.194051049391,1
0.154325455427,0.161575193797,-0.0159556583193,-0.104822901687,0
0.157556959303,-0.0333145097001,-0.018052116353,0.182783678131,1
0.156890669109,0.162061032483,-0.0143964427904,-0.11553891882,0
0.160131889759,-0.0328517130092,-0.0167072211668,0.172567494109,1
0.159474855499,0.162505324603,-0.0132558712846,-0.125338860086,0
0.162724961991,-0.03242423731,-0.0157626484863,0.163132681644,1
0.162076477244,0.162919775606,-0.0124999948535,-0.134480963698,0
0.165334872757,-0.0320209179875,-0.0151896141274,0.154232329611,1
0.164694454397,0.163315191059,-0.0121049675352,-0.143203607837,0
0.167960758218,-0.0316313262878,-0.0149690396919,0.145635970733,1
0.167328131692,0.163701758715,-0.0120563202773,-0.151731564174,0
0.170602166866,-0.0312455014686,-0.0150909515607,0.137123601668,1
0.169977256837,0.164089311653,-0.0123484795274,-0.160281826311,0
0.17325904307,-0.030853696838,-0.0155541160536,0.128480031587,1
0.172641969133,0.164487579012,-0.0129845154219,-0.169069164374,0
0.175931720714,-0.0304461336283,-0.0163658987093,0.119489415644,1
0.175322798041,0.164906430437,-0.0139761103964,-0.178311547953,0
0.17862092665,-0.0300127568117,-0.0175423413555,0.10992983528,1
0.178020671514,0.165356120144,-0.0153437446499,-0.188235573955,0
0.181327793916,-0.029542987058,-0.019108456129,0.0995677897043,0
0.180736934175,-0.224385941565,-0.0171171003349,0.38616132115,1
0.176249215344,-0.0290252320225,-0.00939387391191,0.0881310038347,1
0.175668710704,0.166230101273,-0.00763125383522,-0.207500831804,0
0.178993312729,-0.0287819004426,-0.0117812704713,0.082765086415,0
0.17841767472,-0.223733005542,-0.010125968743,0.371707836739,1
0.173943014609,-0.0284686728993,-0.00269181200823,0.0758493698181,1
0.173373641151,0.166691764078,-0.00117482461187,-0.217681616845,0
0.176707476433,-0.0284133730607,-0.00552845694877,0.0746304885412,1
0.176139208972,0.166787396127,-0.00403584717794,-0.219791548752,0
0.179474956894,-0.0282766334974,-0.00843167815299,0.0716155769274,0
0.178909424224,-0.223276695679,-0.00699936661444,0.361626388873,1
0.174443890311,-0.0280559593772,0.000233161163011,0.0667446604728,1
0.173882771123,0.167062648207,0.00156805437247,-0.225864693567,0
0.177224024087,-0.028081678018,-0.00294923949887,0.0673124437028,1
0.176662390527,0.16708243212,-0.00160299062482,-0.226299523505,0
0.180004039169,-0.0280165733149,-0.00612898109493,0.065877329613,0
0.179443707703,-0.223050118062,-0.00481143450267,0.35662024285,1
0.174982705342,-0.0278600925059,0.00232097035433,0.0624240371962,1
0.174425503492,0.167228504649,0.00356945109826,-0.229525705672,0
0.177770073585,-0.0279442718769,-0.00102106301518,0.0642810104934,1
0.177211188147,0.167192303868,0.000264557194689,-0.228723893016,0
0.180555034225,-0.0279334269867,-0.00430992066563,0.064042472838,0
0.179996365685,-0.222993320529,-0.00302907120887,0.355362482913,1
0.175536499274,-0.0278284324749,0.0040781784494,0.0617259482764,1
0.174979930625,0.167234810126,0.00531269741492,-0.229667501336,0
0.178324626827,-0.0279626549989,0.000719347388202,0.0646864900031,1
0.177765373727,0.167148975279,0.00201307718826,-0.227769391578,0
0.181108353233,-0.0280016865799,-0.0025423106433,0.0655478523711,1
0.180548319501,0.167156621985,-0.00123135359587,-0.22793610297,0
0.183891451941,-0.0279477106083,-0.00579007565527,0.0643581561873,0
0.183332497729,-0.22298617049,-0.00450291253153,0.355208669297,1
0.178872774319,-0.027800485656,0.00260126085441,0.0611092584523,1
0.178316764606,0.167284072733,0.00382344602346,-0.230751819264,0
0.181662446061,-0.0278923043729,-0.000791590361822,0.0631346968643,1
0.181104599973,0.167240987381,0.000471103575465,-0.229797876603,0
0.184449419721,-0.0278876927127,-0.0041248539566,0.0630336155032,1
0.183891665866,0.167293155298,-0.00286418164654,-0.230947869474,0
0.187237528972,-0.0277877515314,-0.00748313903602,0.0608302222531,0
0.186681773942,-0.222801615578,-0.00626653459096,0.35114280582,1
0.18222574163,-0.0275911101615,0.000756321525437,0.0564904479223,1
0.181673919427,0.167519988493,0.00188613048388,-0.235953757846,0
0.185024319197,-0.0276288592883,-0.00283294467304,0.0573235151795,1
0.184471742011,0.167533596598,-0.00168647436945,-0.236251878552,0
0.187822413943,-0.0275642193895,-0.00641151194049,0.0558986060271,0
0.187271129555,-0.222593655596,-0.00529353981995,0.346551775884,1
0.182819256443,-0.027396809142,0.00163749569773,0.0522043150455,1
0.18227132026,0.167701624111,0.00268158199864,-0.239961518962,0
0.185625352743,-0.0274585314058,-0.00211764838059,0.0535660459458,1
0.185076182115,0.167693719937,-0.00104632746168,-0.239784262866,0
0.188430056513,-0.0274132684902,-0.005842012719,0.0525684393541,0
0.187881791143,-0.222450967302,-0.00479064393191,0.343402453268,1
0.183432771797,-0.0272611912228,0.00207740513345,0.0492127049584,1
0.182887547973,0.167830910356,0.00306165923262,-0.242814059283,0
0.18624416618,-0.0273346392942,-0.00179462195305,0.0508330195249,1
0.185697473394,0.167812998863,-0.00077796156255,-0.242415584902,0
0.189053733371,-0.0272978312156,-0.0056262732606,0.0500218509746,0
0.188507776747,-0.222338657128,-0.00462583624111,0.340924343738,1
0.184061003605,-0.0271511957463,0.00219265063366,0.0467862931738,1
0.18351797969,0.167939245808,0.00312837649714,-0.245204026934,0
0.186876764606,-0.0272272473512,-0.00177570404154,0.0484640214637,1
0.186332219659,0.167920120917,-0.000806423612262,-0.244778626159,0
0.189690622077,-0.0271903028685,-0.00570199613544,0.0476498258394,0
0.18914681602,-0.222230029531,-0.00474899961866,0.338528282106,1
0.184702215429,-0.0270408247997,0.00202156602347,0.0443515759396,1
0.184161398933,0.168052079825,0.00290859754226,-0.247692843022,0
0.18752244053,-0.0271112898,-0.00204525931819,0.0459060995847,0
0.186980214734,-0.222203853581,-0.00112713732649,0.337943027369,1
0.182536137662,-0.0270658813018,0.00563172322089,0.0449048765798,1
0.181994820036,0.167974862925,0.00652982075249,-0.245995882418,0
0.185354317295,-0.027239738273,0.00160990310412,0.0487395303068,1
0.184809522529,0.167859091352,0.00258469371025,-0.243435023581,0
0.188166704356,-0.0272996831595,-0.00228400676137,0.0500620594517,1
0.187620710693,0.167854943869,-0.00128276557234,-0.24334061495,0
0.19097780957,-0.0272486612505,-0.00614957787133,0.048937418974,0
0.190432836345,-0.222281895442,-0.00517082949185,0.339673774056,1
0.185987198436,-0.0270867522064,0.00162264598927,0.0453647563671,1
0.185445463392,0.168011893607,0.00252994111661,-0.246805769373,0
0.188805701264,-0.0271460987688,-0.00240617427085,0.0466740842392,0
0.188262779289,-0.22223346453,-0.00147269258607,0.338596871208,1
0.183818109998,-0.0270905884647,0.0052992448381,0.0454499030701,1
0.183276298229,0.167954975159,0.0062082428995,-0.245556363733,0
0.186635397732,-0.0272550933316,0.00129711562484,0.049078307828,1
0.186090295866,0.167848234401,0.0022786817814,-0.243195085687,0
0.189447260554,-0.0273061907085,-0.00258521993235,0.0502057238532,1
0.18890113674,0.167852734388,-0.00158110545529,-0.243291739367,0
0.192258191427,-0.0272465971204,-0.00644694024263,0.0488920472895,0
0.191713259485,-0.222275514266,-0.00546909929684,0.339533956231,1
0.1872677492,-0.0270761720494,0.00132157982779,0.0451314146806,1
0.186726225759,0.168026803496,0.0022242081214,-0.24713424871,0
0.190086761829,-0.0271268428447,-0.0027184768528,0.0462494133662,0
0.189544224972,-0.222209707504,-0.00179348858547,0.338073397882,1
0.185100030822,-0.0270622810035,0.00496797937216,0.0448254435529,1
0.184558785201,0.167988080791,0.00586448824322,-0.246285908718,0
0.187918546817,-0.0272171355715,0.00093877006887,0.0482410303459,1
0.187374204106,0.167891341869,0.00190359067579,-0.244145558495,0
0.190732030943,-0.0272577471176,-0.00297932049412,0.0491371999408,1
0.190186876001,0.16790679789,-0.0019965764953,-0.244484237239,0
0.193545011959,-0.0271865791013,-0.00688626124009,0.0475682518701,0
0.193001280377,-0.222209112902,-0.00593489620269,0.338070571732,1
0.188557098119,-0.027003213443,0.000826515231959,0.0435220300897,1
0.18801703385,0.168106876119,0.00169695583375,-0.248900008839,0
0.191379171372,-0.0270392682012,-0.00328104434302,0.0443176909512,0
0.190838386008,-0.222114017408,-0.002394690524,0.335963614435,1
0.18639610566,-0.0269580685402,0.0043245817647,0.0425264921394,1
0.185856944289,0.168101603326,0.00517511160749,-0.248788856583,0
0.189218976356,-0.0270938702282,0.000199334475836,0.0455219090168,1
0.188677098951,0.168025222079,0.00110977265617,-0.247098119294,0
0.192037603393,-0.027112561199,-0.0038321897297,0.0459346484691,0
0.191495352169,-0.222179352026,-0.00291349676032,0.337406025173,1
0.187051765128,-0.0270160620433,0.00383462374315,0.0438057658399,1
0.186511443887,0.168050692902,0.00471073905994,-0.247664838717,0
0.189872457745,-0.0271382173792,-0.000242557714387,0.046500230285,1
0.189329693398,0.167987211121,0.000687446891312,-0.246259215823,0
0.19268943762,-0.0271445516698,-0.00423773742514,0.0466404685718,0
0.192146546587,-0.22220548094,-0.00330492805371,0.337983344167,1
0.187702436968,-0.0270366568634,0.00345473882964,0.0442600597782,1
0.187161703831,0.168035584985,0.00433994002521,-0.247330865628,0
0.19052241553,-0.0271480785393,-0.000606677287348,0.0467178107999,1
0.18997945396,0.167982566771,0.00032767892865,-0.246156466413,0
0.0228740545244,0.0107489275588,0.0222092161663,0.0102547722529,0
0.0230890330756,-0.184684377012,0.0224143116114,0.309861406865,0
0.0193953455354,-0.380118392021,0.0286115397487,0.609528048564,1
0.0117929776949,-0.185407838839,0.0408021007199,0.325992401186,1
0.00808482091817,0.0091101467827,0.0473219487437,0.0464507553104,0
0.00826702385383,-0.186657304366,0.0482509638499,0.353680657957,1
0.00453387776651,0.00774652562433,0.055324577009,0.076594578441,1
0.004688808279,0.202033507538,0.0568564685778,-0.198132872347,0
0.00872947842975,0.00614636832853,0.0528938111309,0.111929834433,1
0.00885240579632,0.20047206111,0.0551324078195,-0.163607512727,0
0.0128618470185,0.00460598891298,0.051860257565,0.145945913111,1
0.0129539667968,0.198948387485,0.0547791758272,-0.129935679434,1
0.0169329345465,0.393244579177,0.0521804622385,-0.404845775076,0
0.02479782613,0.197422959436,0.044083546737,-0.0961790470897,1
0.0287462853187,0.391886270378,0.0421599657952,-0.374634260058,0
0.0365840107263,0.196191607558,0.0346672805941,-0.0689617488437,1
0.0405078428775,0.39079983169,0.0332880456172,-0.350508550427,1
0.0483238395113,0.585432950337,0.0262778746086,-0.63251161141,0
0.060032498518,0.389954439366,0.0136276423805,-0.331670270442,0
0.0678315873053,0.194641188405,0.00699423697162,-0.0347211948326,1
0.0717244110734,0.389662145469,0.00629981307497,-0.32518918633,0
0.0795176539828,0.194451064921,-0.00020397065163,-0.0305262432974,1
0.0834066752812,0.389575940599,-0.000814495517579,-0.323273518097,0
0.0911981940932,0.194465596859,-0.00727996587951,-0.0308475612207,1
0.0950875060304,0.389691185945,-0.00789691710392,-0.325818476037,0
0.102881329749,0.194682555312,-0.0144132866247,-0.0356363202813,1
0.106774980856,0.39000819879,-0.0151260130303,-0.33283171245,0
0.114575144831,0.19510477163,-0.0217826472793,-0.04495689421,0
0.118477240264,0.000301835854777,-0.0226817851635,0.240774597206,1
0.118483276981,0.195740327016,-0.0178662932194,-0.0589756063833,1
0.122398083521,0.39111382914,-0.019045805347,-0.357241498512,0
0.130220360104,0.196267756374,-0.0261906353173,-0.0706245252537,0
0.134145715232,0.00153088990029,-0.0276031258223,0.213681428953,1
0.13417633303,0.19703638294,-0.0233294972433,-0.0875793846769,0
0.138117060688,0.0022564704709,-0.0250810849368,0.197652728619,1
0.138162190098,0.197728019046,-0.0211280303644,-0.102835442356,0
0.142116750479,0.00291512878718,-0.0231847392116,0.183107494231,1
0.142175053055,0.19836101981,-0.0195225893269,-0.116798254677,0
0.146142273451,0.00352415300069,-0.0218585544205,0.16966207678,1
0.146212756511,0.198952043016,-0.0184653128849,-0.129835633233,0
0.150191797371,0.00409940834616,-0.0210620255496,0.156964997849,1
0.150273785538,0.199516482137,-0.0179227255926,-0.142287376374,0
0.154264115181,0.004655739557,-0.0207684731201,0.144687794054,1
0.154357229972,0.200068864803,-0.017874717239,-0.154474172668,0
0.158358607268,0.00520734755607,-0.0209642006923,0.132516522918,1
0.158462754219,0.200623225534,-0.018313870234,-0.166705906326,0
0.16247521873,0.00576814823729,-0.0216479883605,0.120143718635,1
0.162590581694,0.201193461305,-0.0192451139878,-0.179289577719,0
0.166614450921,0.00635212119461,-0.0228309055422,0.10726059668,1
0.166741493344,0.201793678107,-0.0206856936086,-0.192537039651,0
0.170777366907,0.00697365618001,-0.0245364344016,0.0935493129435,0
0.17091684003,-0.187788179529,-0.0226654481427,0.378391142686,1
0.16716107644,0.00764820516964,-0.015097625289,0.0786487912464,1
0.167314040543,0.20298329679,-0.0135246494641,-0.218758986771,0
0.171373706479,0.00805726251304,-0.0178998291995,0.0696271979903,0
0.171534851729,-0.186803550582,-0.0165072852397,0.356609324497,1
0.167798780717,0.00854915366762,-0.00937509874976,0.0587672695697,1
0.167969763791,0.203804262378,-0.00819975335837,-0.236858761155,0
0.172045849038,0.0088004128916,-0.0129369285815,0.0532264792039,0
0.172221857296,-0.186133673237,-0.0118723989974,0.341799789099,1
0.168499183831,0.00915516234756,-0.00503640321542,0.0453967772095,1
0.168682287078,0.204348969335,-0.00412846767123,-0.248870916195,0
0.172769266465,0.00928621951349,-0.00910588599512,0.0425069489708,0
0.172954990855,-0.185703980251,-0.00825574701571,0.33230302919,1
0.16924091125,0.00953450202795,-0.0016096864319,0.0370281238685,1
0.169431601291,0.204679499316,-0.000869123954531,-0.256162240441,0
0.173525191277,0.00956996774306,-0.00599236876335,0.0362464239716,1
0.173716590632,0.20477733567,-0.00526744028392,-0.258321116608,0
0.177812137345,0.00973097891263,-0.0104338626161,0.0326957394499,0
0.178006756924,-0.185239804154,-0.00977994782707,0.322068495051,1
0.174301960841,0.0100200406893,-0.00333857792605,0.0263174759183,1
0.174502361654,0.205189710217,-0.00281222840768,-0.267416936925,0
0.178606155859,0.0101080069427,-0.00816056714619,0.0243776668029,0
0.178808315998,-0.184895969536,-0.00767301381013,0.314474711766,1
0.175110396607,0.0103344382852,-0.00138351957481,0.0193818767315,1
0.175317085373,0.205476203337,-0.00099588204018,-0.273737245326,0
0.179426609439,0.0103684758689,-0.00647062694671,0.0186314114757,0
0.179633978957,-0.184660084394,-0.00609799871719,0.309265776604,1
0.175940777269,0.0105482187318,8.7316814891e-05,0.0146659655884,1
0.176151741643,0.20566891761,0.000380636126658,-0.277989410469,0
0.180265119996,0.0105415382778,-0.00517915208273,0.014813544344,0
0.180475950761,-0.184505755942,-0.00488288119585,0.305857897872,1
0.176785835642,0.0106854356575,0.00123427676159,0.0116390394877,1
0.176999544356,0.205789663975,0.00146705755135,-0.28065420279,0
0.181115337635,0.0106468165016,-0.00414602650446,0.0124910681866,0
0.181328273965,-0.184415430601,-0.00389620514073,0.303862995771,1
0.177639965353,0.0107618295703,0.0021810547747,0.00995384625254,1
0.177855201944,0.205852433677,0.00238013169975,-0.282040134278,0
0.181972250618,0.0106966136227,-0.0032606709858,0.0113925246907,0
0.18218618289,-0.184378423789,-0.00303282049199,0.303044889715,1
0.178498614415,0.0107866191679,0.0030280773023,0.00940702376566,1
0.178714346798,0.205865012973,0.00321621777761,-0.282318972034,0
0.182831647057,0.0106973346128,-0.00243016166307,0.0113765977845,1
0.18304559375,0.205854053131,-0.00220262970737,-0.282072082419,0
0.187162674812,0.0107635890217,-0.00784407135575,0.00991533126328,0
0.187377946593,-0.184244994161,-0.00764576473048,0.300113073676,1
0.18369304671,0.0109850973452,-0.00164350325696,0.00502866297344,0
0.183912748656,-0.184113245156,-0.00154292999749,0.29719259175,1
0.180230483753,0.011030666957,0.0044009218375,0.00402345076552,1
0.180451097092,0.20608922697,0.00448139085281,-0.287267688978,0
0.184572881632,0.0109036545227,-0.00126396292676,0.0068252542848,1
0.184790954722,0.206043709932,-0.00112745784106,-0.286256200014,0
0.188911828921,0.010937856108,-0.00685258184133,0.00607092217928,0
0.189130586043,-0.184085152305,-0.00673116339775,0.296583923132,1
0.185448882997,0.0111321059043,-0.000799484935105,0.00178572245735,0
0.185671525115,-0.183978370413,-0.000763770485958,0.294216294856,1
0.181991957707,0.0111544615573,0.00512055541116,0.0012925837708,1
0.182215046938,0.206202603606,0.00514640708657,-0.289770356964,0
0.18633909901,0.0110076465441,-0.0006490000527,0.00453123826416,1
0.186559251941,0.206138899345,-0.000558375287416,-0.288356385297,0
0.190682029928,0.0110249151972,-0.00632550299335,0.00415038297354,0
0.190902528232,-0.184005750594,-0.00624249533388,0.294830843528,1
0.18722241322,0.0112046388162,-0.000345878463326,0.000185683014127,1
0.187446505996,0.206331548731,-0.000342164803044,-0.292606352616,0
0.191573136971,0.0112144777451,-0.00619429185537,-3.13597207089e-05,0
0.191797426526,-0.183818092989,-0.00619491904978,0.290690773798,1
0.188121064666,0.0113916412997,-0.000381103573824,-0.00393950352762,0
0.188348897492,-0.18372484227,-0.000459893644376,0.288623156124,1
0.184674400647,0.0114036641008,0.00531256947811,-0.00420478120547,1
0.184902473929,0.206449024035,0.005228473854,-0.295206804406,0
0.189031454409,0.0112529251866,-0.00067566223411,-0.000879493861957,1
0.189256512913,0.20638455987,-0.00069325211135,-0.293775523757,0
0.19338420411,0.0112724993869,-0.0065687625865,-0.00131131946539,0
0.193609654098,-0.183754633151,-0.0065949889758,0.289291865685,1
0.189934561435,0.0114607373919,-0.000809151662106,-0.00546373485077,0
0.190163776183,-0.18364960009,-0.000918426359121,0.286963785002,1
0.186490784181,0.0114854368701,0.00482084934091,-0.00600866430201,1
0.186720492919,0.206537919606,0.00470067605487,-0.297166664345,0
0.190851251311,0.0113492753672,-0.00124265723203,-0.00300493902872,1
0.191078236818,0.206489026032,-0.00130275601261,-0.296079680157,0
0.195208017339,0.0113856710292,-0.00722434961575,-0.00380790615575,0
0.195435730759,-0.183631931418,-0.00730050773887,0.28658692358,1
0.191763092131,0.0115933697421,-0.00156876926726,-0.00838955465107,0
0.191994959526,-0.183506048042,-0.00173656036028,0.28379799394,1
0.188324838565,0.0116406284302,0.00393939951852,-0.00943212788874,1
0.188557651134,0.206705862321,0.00375075696074,-0.300869527872,0
0.19269176838,0.0115306524167,-0.00226663359669,-0.00700605237127,0
0.192922381428,-0.183558718841,-0.00240675464412,0.284960863087,1
0.189251207052,0.011597475246,0.00329246261761,-0.0084801653997,1
0.189483156556,0.206672053574,0.00312285930962,-0.300122464631,0
0.193616597628,0.0115057299653,-0.002879589983,-0.00645628755497,0
0.193846712227,-0.183574805703,-0.0030087157341,0.285316704453,1
0.190175216113,0.0115899264195,0.00269761835495,-0.00831362979657,1
0.190407014642,0.206673086337,0.00253134575902,-0.300144206103,0
0.194540476368,0.0115151460491,-0.00347153836304,-0.00666401869887,0
0.194770779289,-0.183556846762,-0.00360481873702,0.284921577097,1
0.191099642354,0.0116163313071,0.00209361280492,-0.00889610225701,1
0.19133196898,0.206708194734,0.00191569075978,-0.300917734336,0
0.195466132875,0.0115589914134,-0.00410266392694,-0.00763125374476,0
0.195697312703,-0.183503882257,-0.00425528900183,0.283754414501,1
0.192027235058,0.0116785024308,0.0014197992882,-0.0102675630286,1
0.192260805107,0.206780063047,0.00121444802763,-0.302502188133,0
0.196396406368,0.0116408243621,-0.00483559573504,-0.00943649832991,0
0.196629222855,-0.183411445117,-0.00502432570164,0.281716825612,1
0.192960993952,0.0117818115073,0.000610010810591,-0.0125465093025,1
0.193196630183,0.206895009062,0.000359080624541,-0.305036908015,0
0.197334530364,0.0117679425393,-0.00574165753576,-0.0122407573984,0
0.197569889215,-0.183271197091,-0.00598647268372,0.278625091682,1
0.193904465273,0.0119356415714,-0.000413970850084,-0.0159399319378,0
0.194143178104,-0.183180370357,-0.00073276948884,0.27661235345,1
0.190479570697,0.0119520274791,0.00479947758016,-0.0163015989319,1
0.190718611247,0.207004820711,0.00447344560153,-0.307466378017,0
0.194858707661,0.0118194129777,-0.00167588195881,-0.0133760072873,0
0.19509509592,-0.183278463886,-0.00194340210456,0.278777687982,1
0.191429526643,0.0118711572123,0.00363215165508,-0.0145175507421,1
0.191666949787,0.206940830965,0.00334180064023,-0.306052281039,0
0.195805766406,0.0117714186566,-0.00277924498055,-0.0123173096998,0
0.196041194779,-0.183310564482,-0.00302559117454,0.279487437897,1
0.19237498349,0.0118544165788,0.0025641575834,-0.0141482162088,1
0.192612071821,0.206939500835,0.00228119325922,-0.30602101909,0
0.196750861838,0.0117851168081,-0.00383922712259,-0.0126195344782,0
0.196986564174,-0.183281565033,-0.00409161781215,0.278849601872,1
0.193320932874,0.0118985158377,0.00148537422528,-0.0151210010364,1
0.19355890319,0.206999133483,0.00118295420456,-0.307334904799,0
0.19769888586,0.0118603459761,-0.00496374389143,-0.0142791398892,0
0.197936092779,-0.183190068408,-0.00524932668922,0.276833542633,1
0.194272291411,0.0120063784161,0.000287344163449,-0.0175003885292,0
0.19451241898,-0.183119692474,-6.26636071349e-05,0.275273184906,1
0.19085002513,0.0120031527445,0.00544280009099,-0.0174295054478,1
0.191090088185,0.207046626625,0.00509420998203,-0.308390207467,0
0.195231020718,0.011852461549,-0.00107359416731,-0.0141050676967,0
0.195468069949,-0.183254076525,-0.00135569552124,0.278238934129,1
0.191802988418,0.0118871886921,0.00420908316133,-0.0148712690685,1
0.192040732192,0.20694852426,0.00391165777996,-0.306223213793,0
0.196179702677,0.0117710510926,-0.0022128064959,-0.0123092194021,0
0.196415123699,-0.183319095777,-0.00245899088394,0.279674719878,1
0.192748741783,0.0118378468377,0.00313450351362,-0.0137827516038,1
0.19298549872,0.206914705323,0.00285884848154,-0.30547505932,0
0.197123792827,0.0117521312341,-0.00325065270485,-0.011891894177,0
0.197358835451,-0.183323050819,-0.00348849058839,0.279763642709,1
0.193692374435,0.0118484898881,0.00210678226579,-0.0140175011406,1
0.193929344233,0.2069401639,0.00182643224298,-0.306034969191,0
0.198068147511,0.0117922335474,-0.00429426714084,-0.0127765911192,0
0.198303992182,-0.183267869841,-0.00454979896322,0.27854835552,1
0.194638634785,0.0119186912059,0.00102116814718,-0.0155660919659,1
0.194877008609,0.207025982744,0.000709846307865,-0.307926653299,0
0.199017528264,0.011893924153,-0.00544868675813,-0.015019944358,0
0.199255406747,-0.183149463981,-0.00574908564529,0.275938889009,1
0.195592417467,0.0120540365719,-0.000230307865101,-0.0185517448043,0
0.195833498199,-0.183064611016,-0.000601342761186,0.274058508304,1
-0.0123315812957,-0.0146698012237,-0.00911673484419,-0.0311464286185,0
-0.0126249773201,-0.209659835183,-0.00973966341656,0.258646184564,0
-0.0168181740238,-0.404641396536,-0.00456673972529,0.548241238814,0
-0.0249110019545,-0.599698896418,0.00639808505098,0.839481820869,0
-0.0369049798829,-0.794907619422,0.0231877214684,1.13416993634,1
-0.0528031322713,-0.600096660479,0.0458711201953,0.848848631706,1
-0.0648050654809,-0.40562933087,0.0628480928294,0.570935856565,1
-0.0729176520983,-0.211442417315,0.0742668099607,0.29869573637,0
-0.0771465004446,-0.40754009751,0.0802407246881,0.613845814326,1
-0.0852973023948,-0.213625676494,0.0925176409746,0.347475545786,1
-0.0895698159247,-0.0199330877594,0.0994671518903,0.0853406114604,1
-0.0899684776798,0.173632788194,0.10117396412,-0.174377926555,0
-0.0864958219159,-0.0227806579292,0.0976864055884,0.148430062577,1
-0.0869514350745,0.170816571051,0.10065500684,-0.111907163837,1
-0.0835351036535,0.364362943519,0.0984168635632,-0.371214659452,0
-0.0762478447831,0.16799058142,0.0909925703742,-0.0491936233855,1
-0.0728880331547,0.361697941949,0.0900086979065,-0.311837707313,1
-0.0656540743157,0.555429991024,0.0837719437602,-0.574832585449,0
-0.0545454744952,0.359239721606,0.0722752920512,-0.256979031615,1
-0.0473606800631,0.553259367988,0.067135711419,-0.526018263152,1
-0.0362954927034,0.747375572285,0.0566153461559,-0.796813549686,0
-0.0213479812577,0.551524343063,0.0406790751622,-0.486871379973,0
-0.0103174943964,0.355852721942,0.0309416475627,-0.181650411044,1
-0.00320043995758,0.550518571245,0.0273086393419,-0.464414025525,1
0.00780993146732,0.745244193732,0.0180203588314,-0.748365809746,0
0.022714815342,0.549878347362,0.00305304263643,-0.450066921492,0
0.0337123822892,0.354713347763,-0.00594829579342,-0.156423193313,1
0.0408066492445,0.549919956871,-0.00907675965968,-0.450976715507,0
0.0518050483819,0.354927546989,-0.0180962939698,-0.161168680011,1
0.0589035993217,0.550303829296,-0.02131966757,-0.459505139073,0
0.0699096759076,0.355489627434,-0.0305097703515,-0.173617752628,0
0.0770194684563,0.160817317552,-0.0339821254041,0.109286334317,1
0.0802358148073,0.356409330713,-0.0317963987177,-0.193921123826,0
0.0873640014216,0.161756307617,-0.0356748211943,0.0885642598726,1
0.0905991275739,0.357370972387,-0.0339035359968,-0.215157211865,0
0.0977465470216,0.16274970663,-0.0382066802341,0.0666411921749,0
0.101001541154,-0.0318042330704,-0.0368738563906,0.347029096139,1
0.100365456493,0.163822278746,-0.0299332744678,0.0429503408437,1
0.103641902068,0.359360390827,-0.0290742676509,-0.259024503902,0
0.110829109884,0.164665308281,-0.034254757729,0.0243480644175,0
0.11412241605,-0.0299490809889,-0.0337677964406,0.30602946699,1
0.11352343443,0.165637384673,-0.0276472071008,0.00289117221485,0
0.116836182124,-0.0290773798812,-0.0275893836565,0.286724457418,1
0.116254634526,0.166426944194,-0.0218548945082,-0.0145306759727,1
0.11958317341,0.361855393344,-0.0221455080276,-0.314028172179,0
0.126820281277,0.16705579605,-0.0284260714712,-0.0284106712389,0
0.130161397198,-0.0276472169483,-0.028994284896,0.255169720558,1
0.129608452859,0.167876456434,-0.0238908904848,-0.0465156456534,0
0.132965981987,-0.0268949123591,-0.0248212033979,0.23853477994,1
0.13242808374,0.168572677489,-0.0200505077991,-0.0618729744416,0
0.13579953729,-0.0262561416744,-0.0212879672879,0.224417057718,1
0.135274414457,0.169163493017,-0.0167996261336,-0.0749041666628,0
0.138657684317,-0.0257136402736,-0.0182977094668,0.212431426725,1
0.138143411511,0.169665076914,-0.0140490809323,-0.0859668163298,0
0.14153671305,-0.0252527028721,-0.0157684172589,0.202250705736,1
0.141031658992,0.170091170116,-0.0117234031442,-0.0953643988999,0
0.144433482395,-0.0248608093298,-0.0136306911222,0.19359687354,1
0.143936266208,0.17045344824,-0.0097587536514,-0.103354595916,0
0.147345335173,-0.0245273001177,-0.0118258455697,0.186233572206,1
0.14685478917,0.170761836784,-0.0081011741256,-0.110156367465,0
0.150270025906,-0.0242430963134,-0.0103043014749,0.179959714606,1
0.14978516398,0.171024780628,-0.00670510718278,-0.115955962011,0
0.153205659592,-0.0240004588261,-0.00902422642299,0.174604034428,1
0.152725650416,0.171249474157,-0.00553214573442,-0.120912026307,0
0.156150639899,-0.0237927817554,-0.00795038626057,0.170020438124,1
0.155674784264,0.171442057673,-0.00454997749809,-0.125159954607,0
0.159103625417,-0.0236144151781,-0.00705317659023,0.166084037318,1
0.158631337114,0.171607785147,-0.00373149584386,-0.128815596091,0
0.162063492817,-0.0234605131247,-0.00630780776569,0.162687756979,1
0.161594282554,0.17175116769,-0.0030540526261,-0.131978422071,1
0.165029305908,0.366916733126,-0.00569362106753,-0.425623295036,0
0.172367640571,0.171875891365,-0.0142060869682,-0.134740689957,0
0.175805158398,-0.0230397247152,-0.0169009007674,0.153426783205,1
0.175344363904,0.172320093146,-0.0138323651033,-0.144539720861,0
0.178790765767,-0.0226010602071,-0.0167231595205,0.143747452626,1
0.178338744562,0.172756346498,-0.013848210468,-0.154164062287,0
0.181793871492,-0.0221646126063,-0.0169314917137,0.134118097645,1
0.18135057924,0.173195719926,-0.0142491297608,-0.163858019133,0
0.184814493639,-0.0217193832732,-0.0175262901435,0.124295852444,1
0.184380105973,0.173649214334,-0.0150403730946,-0.173864501977,0
0.18785309026,-0.0212542861708,-0.0185176631341,0.114035979172,1
0.187428004537,0.174128038126,-0.0162369435507,-0.184431142523,0
0.190910565299,-0.0207578721524,-0.0199255664012,0.10308573754,1
0.190495407856,0.174643882819,-0.0178638516504,-0.195816440728,0
0.193988285512,-0.0202180478073,-0.0217801804649,0.09117812555,0
0.193583924556,-0.215021154142,-0.0199566179539,0.376910613515,1
0.189283501473,-0.0196215310135,-0.0124184056836,0.0780026865105,1
0.188891070853,0.175676222636,-0.0108583519534,-0.218572273038,0
0.192404595306,-0.0192888403309,-0.0152297974142,0.0706657884958,0
0.192018818499,-0.214189174398,-0.0138164816443,0.358504998032,1
0.187735035011,-0.0188735602202,-0.00664638168363,0.0614976235574,1
0.187357563807,0.176343051525,-0.00541642921248,-0.233274848232,0
0.190884424837,-0.0187010905591,-0.0100819261771,0.057694650892,1
0.190510403026,0.176563955472,-0.00892803315928,-0.238152068541,0
0.194041682136,-0.0184293182469,-0.0136910745301,0.0517013780834,0
0.193673095771,-0.213352306356,-0.0126570469684,0.340033407432,1
0.189406049644,-0.0180525708407,-0.0058563788198,0.0433861967774,0
0.189044998227,-0.213090056242,-0.00498865488425,0.334215642437,1
0.184783197102,-0.0178974606764,0.0016956579645,0.0399637338997,1
0.184425247888,0.17720013397,0.00249493264249,-0.25218371415,0
0.187969250568,-0.0179573544002,-0.00254874164051,0.041285116745,1
0.18761010348,0.177201052345,-0.00172303930561,-0.25220087178,0
0.191154124527,-0.0178962525582,-0.0067670567412,0.0399380778564,0
0.190796199475,-0.212920514314,-0.00596829518407,0.330478272951,1
0.186537789189,-0.0177141157471,0.000641270274938,0.0359192217364,1
0.186183506874,0.177398633657,0.00135965470967,-0.256561308745,0
0.189731479547,-0.0177427032657,-0.00377157146523,0.036550164438,0
0.189376625482,-0.212810367027,-0.00304056817647,0.328040739609,1
0.185120418142,-0.0176452611185,0.00352024661571,0.0344005083125,1
0.184767512919,0.177426032216,0.00420825678196,-0.257169668311,0
0.188316033563,-0.0177557464054,-0.000935136584259,0.036837631049,1
0.187960918635,0.177379602309,-0.000198383963278,-0.256140194157,0
0.191508510682,-0.01773951593,-0.00532118784642,0.0364801525577,0
0.191153720363,-0.212784757781,-0.00459158479527,0.327479451464,1
0.186898025207,-0.0175977389438,0.00195800423401,0.0333520883116,1
0.186546070428,0.177496079099,0.00262504600025,-0.258712424915,0
0.19009599201,-0.0176632491339,-0.00254920249805,0.0347973214593,0
0.189742727028,-0.212748551467,-0.00185325606887,0.326674859425,1
0.185487755998,-0.0176002638957,0.00468024111964,0.0334080737819,1
0.18513575072,0.177454259266,0.00534840259528,-0.257794520649,0
0.188684835906,-0.0177436390768,0.00019251218229,0.0365705619546,1
0.188329963124,0.177375550958,0.000923923421382,-0.256051619094,0
0.191877474143,-0.0177595793819,-0.00419710896049,0.0369225849337,0
0.191522282556,-0.212821092782,-0.00345865726181,0.328278331514,1
0.1872658607,-0.0176500742184,0.00310690936846,0.0345067114811,1
0.186912859216,0.177427185486,0.00379704359808,-0.257194335898,0
0.190461402926,-0.0177487694303,-0.00134684311987,0.0366838141465,1
0.190106427537,0.177392469798,-0.000613166836941,-0.256423750965,0
0.193654276933,-0.0177207216809,-0.00574164185625,0.0360657101957,0
0.193299862499,-0.212759867985,-0.00502032765234,0.326931573923,1
0.18904466514,-0.0175668026011,0.00151830382613,0.0326696953984,1
0.188693329088,0.177533342625,0.0021716977341,-0.259533803972,0
0.19224399594,-0.0176195437613,-0.00301897834535,0.0338333139443,1
0.191891605065,0.177545570237,-0.00234231206646,-0.259800601254,0
0.19544251647,-0.0175428648467,-0.00753832409155,0.0321426094998,0
0.195091659173,-0.212555906307,-0.00689547190155,0.322437614031,1
0.190840541046,-0.0173364456432,-0.000446719620935,0.0275881319862,1
0.190493812134,0.177791909008,0.000105043018789,-0.26523570635,0
0.194049650314,-0.0173315413155,-0.0051996711082,0.0274803501677,0
0.193703019487,-0.212378540962,-0.00465006410485,0.318518198176,1
0.189455448668,-0.0171906710576,0.00172029985866,0.0243724448186,1
0.189111635247,0.177906567343,0.00220774875504,-0.267767211841,0
0.192669766594,-0.0172468220881,-0.00314759548178,0.0256112365071,0
0.192324830152,-0.212323493078,-0.00263537075164,0.317299401929,1
0.188078360291,-0.0171641049919,0.00371061728695,0.0237865382575,1
0.187735078191,0.177904436559,0.0041863480521,-0.267723340714,0
0.191293166922,-0.0172770092862,-0.00116811876218,0.0262770452982,0
0.190947626736,-0.212382189296,-0.000642577856221,0.318591188809,1
0.18669998295,-0.0172510920984,0.00572924591995,0.0257056855641,1
0.186354961108,0.177788230406,0.00624335963123,-0.265164107605,0
0.189910725716,-0.0174222723621,0.000940077479139,0.0294814754617,1
0.189562280269,0.177686184959,0.00152970698837,-0.262904698462,0
0.193116003968,-0.0174575678977,-0.00372838698088,0.0302603220244,0
0.19276685261,-0.212525854008,-0.00312318054039,0.321764574245,1
0.18851633553,-0.0173595668583,0.00331211094451,0.02809835771,1
0.188169144193,0.177714730158,0.00387407809871,-0.263537723994,0
0.191723438796,-0.0174623036159,-0.00139667638117,0.0303646057991,1
0.191374192724,0.177679648851,-0.000789384265184,-0.262758660126,0
0.194927785701,-0.0174310257231,-0.00604455746769,0.0296751816017,0
0.194579165186,-0.212465775045,-0.00545105383566,0.320444872086,1
0.190329849686,-0.0172666197676,0.000957843606054,0.026047887377,1
0.18998451729,0.177841582117,0.00147880135359,-0.26633267522,0
0.193541348933,-0.0173014436837,-0.0038478521508,0.0268163108595,0
0.193195320059,-0.21236800299,-0.00331152593361,0.318282717969,1
0.188947959999,-0.017199043881,0.00305412842576,0.0245572976562,1
0.188603979122,0.177878975593,0.00354527437889,-0.267160454473,0
0.192161558633,-0.0172933932566,-0.00179793471058,0.0266385674509,0
0.191815690768,-0.212389514616,-0.00126516336156,0.318753683973,1
0.187567900476,-0.0172495673864,0.0051099103179,0.0256720394615,1
0.187222909128,0.177798732151,0.00562335110713,-0.265394283051,0
0.190778883771,-0.0174030263836,0.000315465446098,0.0290569817616,1
0.190430823244,0.177714399439,0.00089660508133,-0.263526395569,0
0.193985111232,-0.0174203381772,-0.00437392283006,0.0294391950618,0
0.193636704469,-0.21247929239,-0.00378513892882,0.32073889839,1
0.189387118621,-0.0173036417589,0.00262963903898,0.0268646915044,1
0.189041045786,0.177780499906,0.00316693286907,-0.264987396252,0
0.192596655784,-0.0173865092835,-0.00213281505597,0.0286927261755,0
0.192248925598,-0.212477809684,-0.00155896053246,0.320701964038,1
0.187999369405,-0.0173336918562,0.00485507874829,0.0275278087873,1
0.187652695567,0.177718298696,0.00540563492404,-0.263619341211,0
0.191207061541,-0.0174803918744,0.000133248099825,0.0307636656742,1
0.190857453704,0.177639648242,0.000748521413309,-0.261877216961,0
0.194410246669,-0.017492979785,-0.00448902292591,0.0310417083572,0
0.194060387073,-0.212550269324,-0.00386818875876,0.322304926365,1
0.189809381687,-0.017373448885,0.00257790976854,0.0284046413515,1
0.189461912709,0.177711438666,0.00314600259557,-0.263463812998,0
0.193016141482,-0.017455276151,-0.00212327366439,0.0302097337435,1
0.192667035959,0.177697059562,-0.00151907898952,-0.263142351962,0
0.19622097715,-0.0174031755539,-0.00678192602877,0.0290610540008,0
0.195872913639,-0.212427216266,-0.00620070494876,0.319596516598,1
0.191624369314,-0.0172175072235,0.000191225383207,0.02496458662,1
0.19128001917,0.177901701138,0.000690517115607,-0.267658000309,0
0.194838053192,-0.0172300980333,-0.00466264289058,0.025242640683,0
0.194493451232,-0.212284873717,-0.00415779007692,0.316450811769,1
0.190247753757,-0.0171039474864,0.00217122615845,0.0224595662595,1
0.189905674808,0.177986799044,0.00262041748364,-0.269537523771,0
0.193465410788,-0.0171724488397,-0.00277033299178,0.0239707448548,0
0.193121961812,-0.212254561635,-0.00229091809469,0.315778314286,1
0.188876870579,-0.017100053225,0.00402464819104,0.0223737905135,1
0.188534869514,0.177963950049,0.00447212400131,-0.269036601322,0
0.0113728084771,-0.0324807544511,-0.0351194288537,0.0363013576966,0
0.010723193388,-0.227081945909,-0.0343934016998,0.317700161546,0
0.00618155446986,-0.421697582269,-0.0280393984689,0.599341307398,0
-0.00225239717552,-0.616416244579,-0.0160525723209,0.88306198838,0
-0.0145807220671,-0.811316555372,0.00160866744669,1.17065553463,1
-0.0308070531745,-0.616215560898,0.0250217781392,0.878477369604,1
-0.0431313643925,-0.421442392875,0.0425913255313,0.593764707025,0
-0.05156021225,-0.617133823366,0.0544666196718,0.899553715965,1
-0.0639028887173,-0.422790625466,0.0724576939911,0.624476487842,1
-0.0723587012267,-0.22875105813,0.0849472237479,0.355464777269,1
-0.0769337223893,-0.034933153393,0.0920565192933,0.0907306950363,1
-0.0776323854571,0.158756992863,0.093871133194,-0.171547930455,0
-0.0744572455999,-0.0375744057085,0.0904401745849,0.149210196227,1
-0.075208733714,0.156143900373,0.0934243785095,-0.113626515937,1
-0.0720858557066,0.349811641927,0.0911518481907,-0.375434455232,0
-0.065089622868,0.153521190798,0.0836431590861,-0.0554595660886,1
-0.0620191990521,0.347350421502,0.0825339677643,-0.320624532241,0
-0.055072190622,0.151156015561,0.0761214771195,-0.00309724284586,1
-0.0520490703108,0.345108411979,0.0760595322626,-0.270825247143,1
-0.0451469020712,0.539067253715,0.0706430273197,-0.538582420505,0
-0.0343655569969,0.34302698632,0.0598713789096,-0.224503679417,1
-0.0275050172705,0.537244407301,0.0553813053213,-0.497716154432,1
-0.0167601291245,0.731543549987,0.0454269822327,-0.772444251185,0
-0.00212925812477,0.535826972087,0.029978097209,-0.465821304554,0
0.00858728131696,0.340294547821,0.0206616711179,-0.163842209487,1
0.0153931722734,0.53511472113,0.0173848269281,-0.44993599533,0
0.026095466696,0.339751249638,0.00838610702154,-0.151824189164,1
0.0328904916888,0.534752122612,0.00534962323826,-0.441849726781,0
0.043585534141,0.339554879112,-0.00348737129736,-0.147485269474,1
0.0503766317232,0.534726596247,-0.00643707668684,-0.441266350039,0
0.0610711636482,0.339696328059,-0.0152624036876,-0.150619496161,1
0.0678650902093,0.535033463546,-0.0182747936108,-0.448078046019,0
0.0785657594803,0.340174723022,-0.0272363545312,-0.161211231593,0
0.0853692539407,0.145453064111,-0.0304605791631,0.122756429048,1
0.0882783152229,0.340997875019,-0.0280054505821,-0.179378746566,0
0.0950982727233,0.146287645089,-0.0315930255134,0.104339545384,1
0.0980240256251,0.341847771981,-0.0295062346058,-0.198141067315,0
0.104860981065,0.147160006528,-0.0334690559521,0.0850898918158,1
0.107804181195,0.342745333231,-0.0317672581157,-0.217961861314,0
0.11465908786,0.148091560985,-0.036126495342,0.0645334789222,1
0.11762091908,0.343712348543,-0.0348358257636,-0.239325120705,0
0.12449516605,0.149104916964,-0.0396223281777,0.0421692609639,0
0.12747726439,-0.0454271205972,-0.0387789429584,0.322092379454,1
0.126568721978,0.150224978353,-0.0323370953693,0.0174367185787,0
0.129573221545,-0.0444186566968,-0.0319883609977,0.299744082895,1
0.128684848411,0.151144300816,-0.0259934793398,-0.00285325739077,0
0.131707734427,-0.04359540848,-0.0260505444877,0.281516406215,1
0.130835826258,0.151888257981,-0.0204202163634,-0.0192675970171,1
0.133873591417,0.347297014876,-0.0208055683037,-0.318322748947,0
0.140819531715,0.15247747294,-0.0271720232826,-0.0322730784467,0
0.143869081174,-0.0422444941491,-0.0278174848516,0.251714461784,1
0.143024191291,0.153263408543,-0.0227831956159,-0.0496112205678,0
0.146089459461,-0.0415245691046,-0.0237754200272,0.235797237108,1
0.145258968079,0.153928855715,-0.0190594752851,-0.0642893559387,0
0.148337545194,-0.0409147194109,-0.0203452624039,0.222319777191,1
0.147519250805,0.154492033568,-0.01589886686,-0.076710785377,0
0.150609091477,-0.0403984300043,-0.0174330825676,0.210913893396,1
0.149801122877,0.154968385899,-0.0132148046996,-0.0872168674639,0
0.152900490595,-0.0399616751643,-0.0149591420489,0.201267654366,1
0.152101257091,0.155370990758,-0.0109337889616,-0.0960963858039,0
0.155208676907,-0.0395925595725,-0.0128557166777,0.19311698937,1
0.154416825715,0.155710911735,-0.00899337689028,-0.103593486247,0
0.15753104395,-0.0392810084592,-0.0110652466152,0.186238548629,1
0.156745423781,0.15599749778,-0.00734047564265,-0.109914394654,0
0.159865373736,-0.0390185017138,-0.00953876353572,0.180443643191,1
0.159085003702,0.156238638118,-0.00592989067191,-0.115233096067,0
0.162209776464,-0.0387978467921,-0.00823455259324,0.175573110035,1
0.161433819528,0.156440978315,-0.00472309039255,-0.119696129739,0
0.164562639095,-0.0386129855251,-0.00711701298734,0.171492969227,1
0.163790379384,0.156610102895,-0.00368715360281,-0.123426631278,0
0.166922581442,-0.0384588303787,-0.00615568622838,0.168090758946,1
0.166153404835,0.156750689242,-0.00279387104946,-0.126527733096,0
0.169288418619,-0.0383311262029,-0.00532442571138,0.165272450987,1
0.168521796095,0.156866636836,-0.00201897669164,-0.129085417023,0
0.171659128832,-0.0382263340147,-0.0046006850321,0.162959864071,1
0.170894602152,0.156961175339,-0.00134148775068,-0.131170898045,1
0.174033825659,0.352102317219,-0.00396490571159,-0.424276744765,0
0.181075872003,0.157036756017,-0.0124504406069,-0.132846382076,0
0.184216607123,-0.0379046594801,-0.0151073682484,0.155882742583,1
0.183458513934,0.157430300576,-0.0119897133968,-0.141527659101,0
0.186607119945,-0.0375179009079,-0.0148202665788,0.147348733766,1
0.185856761927,0.157813110607,-0.0118732919035,-0.149972606048,0
0.189013024139,-0.0371368259037,-0.0148727440244,0.138941020849,1
0.188270287621,0.158194949416,-0.0120939236074,-0.158396662948,0
0.191434186609,-0.0367517839235,-0.0152618568664,0.130446525338,1
0.190699150931,0.158585428395,-0.0126529263596,-0.167011981451,0
0.193870859499,-0.0363531415591,-0.0159931659887,0.121652605957,1
0.193143796668,0.158994249297,-0.0135601138695,-0.176032796816,0
0.196323681654,-0.0359310413772,-0.0170807698058,0.112341706642,1
0.195605060826,0.159431444986,-0.014833935673,-0.185680777936,0
0.198793689726,-0.0354751580951,-0.0185475512317,0.102285943867,1
0.198084186564,0.159907624313,-0.0165018323544,-0.196190488143,0
0.20128233905,-0.0349744463866,-0.0204256421172,0.0912414989603,0
0.200582850122,-0.229797764752,-0.018600812138,0.377410796183,1
0.195986894827,-0.0344166426697,-0.0110525962144,0.0789214881396,1
0.195298561974,0.160861993451,-0.00947416645158,-0.217227971941,0
0.198515801843,-0.0341232480595,-0.0138187258904,0.0724514007744,0
0.197833336882,-0.229044391164,-0.0123696978749,0.360742623568,1
0.193252449059,-0.0337488152826,-0.00515484540354,0.0641850725738,1
0.192577472753,0.161446662416,-0.00387114395207,-0.230119771705,0
0.195806406001,-0.0336197575927,-0.00847353938617,0.0613395524175,0
0.195134010849,-0.22861919833,-0.00724674833782,0.351337021971,1
0.190561626883,-0.0333949446224,-0.0002200078984,0.056377805217,1
0.18989372799,0.161730160459,0.000907548205939,-0.236374527643,0
0.193128331199,-0.0334047450922,-0.00381994234692,0.0565945292782,1
0.192460236298,0.161771768831,-0.00268805176136,-0.237291165923,0
0.195695671674,-0.0333116765012,-0.00743387507981,0.0545426586114,0
0.195029438144,-0.228326252031,-0.00634302190758,0.344870900054,1
0.190462913104,-0.0331146457271,0.000554396093505,0.0501945452408,1
0.189800620189,0.161999351618,0.00155828699832,-0.242313413356,0
0.193040607221,-0.0331448237447,-0.0032879812688,0.0508606304841,0
0.192377710747,-0.228219474828,-0.00227076865912,0.342504360672,1
0.18781332125,-0.0330652910909,0.00457931855432,0.0491062343718,1
0.187152015428,0.161990698398,0.00556144324176,-0.242128367152,0
0.190391829396,-0.0332102505558,0.000718875898727,0.0523035840528,1
0.189727624385,0.161901385476,0.00176494757978,-0.240152444876,0
0.192965652095,-0.0332457338352,-0.00303810131773,0.0530866724915,1
0.192300737418,0.161919647773,-0.0019763678679,-0.240553249295,0
0.195539130373,-0.0331740153281,-0.0067874328538,0.0515056220515,0
0.194875650067,-0.228197987984,-0.00575732041277,0.342039352668,1
0.190311690307,-0.0329946007465,0.0010834666406,0.0475464817154,1
0.189651798292,0.162111797619,0.0020343962749,-0.244794404926,0
0.192894034245,-0.0330391517048,-0.00286149182362,0.0485295253884,0
0.19223325121,-0.228119954864,-0.00189090131585,0.340308254669,1
0.187670852113,-0.0329711501158,0.00491526377753,0.047029646208,1
0.187011429111,0.162079975963,0.00585585670169,-0.244098426885,0
0.19025302863,-0.0331251247041,0.000973888163978,0.0504258158181,1
0.189590526136,0.161982848418,0.00198240448034,-0.241949682002,0
0.192830183104,-0.0331673639728,-0.0028565891597,0.0513578879259,1
0.192166835825,0.161995430814,-0.00182943140118,-0.242224945915,0
0.195406744441,-0.0331003406835,-0.00667393031948,0.049880369087,0
0.194744737628,-0.228125961415,-0.00567632293774,0.340450164232,1
0.190182218399,-0.0329237072427,0.0011326803469,0.0459826701364,1
0.189523744254,0.162181983718,0.00205233374963,-0.246342670618,0
0.192767383929,-0.0329692192353,-0.00287451966274,0.0469869030168,0
0.192107999544,-0.228049834109,-0.0019347816024,0.338761508769,1
0.187547002862,-0.0329004054308,0.00484044857297,0.045469088203,1
0.186888994753,0.162151803128,0.00574983033703,-0.245682710772,0
0.190132030816,-0.0330517964576,0.00083617612159,0.0488082892707,1
0.189470994887,0.16205815474,0.001812341907,-0.24361069946,0
0.192712157981,-0.033089636225,-0.0030598720822,0.0496433344818,0
0.192050365257,-0.228167578387,-0.00206700539256,0.341359276879,1
0.187487013689,-0.0330162793642,0.00476018014502,0.0480252545307,1
0.186826688102,0.162037092253,0.00572068523563,-0.243152000391,0
0.190067429947,-0.0331661027737,0.000857645227801,0.0513298732467,1
0.189404107891,0.161943540268,0.00188424269273,-0.241082336014,0
0.192642978697,-0.0332052761467,-0.00293740402754,0.0521943359939,1
0.191978873174,0.161958670481,-0.00189351730767,-0.241413916535,0
0.195218046584,-0.0331361814756,-0.00672179563836,0.0506711430235,0
0.194555322954,-0.2281611073,-0.00570837277789,0.341225729958,1
0.189992100808,-0.0329584052971,0.00111614182127,0.046748195045,1
0.189332932702,0.162147523424,0.00205110572217,-0.245582370116,0
0.192575883171,-0.0330036628111,-0.00286054168014,0.0477468181403,0
0.191915809914,-0.228084479462,-0.00190560531734,0.339525847794,1
0.187354120325,-0.0329354653077,0.00488491163855,0.046242610427,1
0.186695411019,0.162116099873,0.00580976384709,-0.244895088248,0
0.189937733016,-0.0330883479526,0.000911862082127,0.0496147028629,1
0.189275966057,0.162020516157,0.00190415613938,-0.242780384213,0
0.19251637638,-0.0331285821108,-0.00295145154487,0.0505025540755,0
0.191853804738,-0.228208088444,-0.00194140046336,0.342252813568,1
0.187289642969,-0.0330585704522,0.00490365580801,0.0489583168475,1
0.18662847156,0.161992724581,0.00588282214496,-0.24217343905,0
0.189868326052,-0.0332127620663,0.00103935336396,0.0523592639755,1
0.189204070811,0.161894270674,0.00208653864347,-0.239995557226,0
0.192441956224,-0.0332574250604,-0.00271337250106,0.0533447910753,1
0.191776807723,0.161903327032,-0.00164647667955,-0.240192989964,0
0.195014874264,-0.0331950653182,-0.00645033647883,0.0519701379701,0
0.194350972957,-0.228223935097,-0.00541093371943,0.342610970984,1
0.189786494255,-0.0330254225091,0.00144128570026,0.048226681637,1
0.189125985805,0.162075832208,0.002405819333,-0.244001158626,0
0.192367502449,-0.033080399457,-0.00247420383953,0.0494396519052,0
0.19170589446,-0.228166785633,-0.00148541080142,0.34134092029,1
0.187142558747,-0.0330237318349,0.00534140760438,0.0481899519071,1
0.186482084111,0.162021222168,0.00630520664252,-0.242802939172,0
0.189722508554,-0.0331902220487,0.00144914785909,0.0518621250775,1
0.189058704113,0.161910920122,0.00248639036064,-0.240363231569,0
0.192296922516,-0.0332464610011,-0.00232087427074,0.0531029332621,1
0.191631993296,0.161908691531,-0.00125881560549,-0.240311343563,0
0.194870167126,-0.033195254751,-0.00606504247675,0.0519742522958,0
0.194206262031,-0.228229717561,-0.00502555743083,0.342737454252,1
0.18964166768,-0.0330366303698,0.0018291916542,0.048474013173,1
0.188980935072,0.162059044052,0.00279867191767,-0.243631226829,0
0.192222115954,-0.0331027700925,-0.00207395261892,0.0499331563947,1
0.191560060552,0.162048858093,-0.00107528949103,-0.243403397965,0
0.194801037714,-0.0330577175589,-0.00594335745033,0.0489401612694,0
0.194139883362,-0.228093944136,-0.00496455422494,0.339741997326,1
0.18957800448,-0.0329017061786,0.00183028572158,0.0454976755836,1
0.188919970356,0.162193951999,0.00274023923326,-0.246607217811,0
0.192163849396,-0.032967028254,-0.00219190512296,0.0469387828104,0
0.191504508831,-0.228057480576,-0.00125312946676,0.338929338726,1
0.186943359219,-0.0329177205264,0.00552545730777,0.0458515085117,1
0.186285004809,0.162124564785,0.00644248747801,-0.245082977204,0
0.189527496105,-0.0330888081909,0.00154082793393,0.0496250836538,1
0.188865719941,0.162011015146,0.002533329607,-0.242571300721,0
0.192105940244,-0.0331470305004,-0.00231809640741,0.0509096264989,1
0.191442999634,0.162008082901,-0.00129990387743,-0.242503776827,0
0.194683161292,-0.0330952762735,-0.00614997941397,0.0497688430454,0
0.194021255766,-0.22812850513,-0.00515460255306,0.340505071351,1
0.189458685664,-0.0329335932231,0.00165549887396,0.0462011467787,1
0.188800013799,0.162164580086,0.00257952180953,-0.245958995713,0
