-0.400649521938,0.0,0
-0.402550874259,-0.00190135232051,1
-0.405340263255,-0.00278938899625,0
-0.409998101975,-0.00465783872016,1
-0.41549154843,-0.00549344645447,1
-0.421781659643,-0.00629011121305,2
-0.427823580009,-0.00604192036654,0
-0.435573971539,-0.0077503915301,2
-0.442976902765,-0.00740293122565,0
-0.451978619885,-0.00900171712016,0
-0.46251336477,-0.0105347448849,0
-0.474503690261,-0.011990325491,2
-0.485860899064,-0.0113572088029,1
-0.497500537705,-0.011639638641,2
-0.508335713212,-0.0108351755067,2
-0.518285321689,-0.00994960847715,0
-0.529274779383,-0.0109894576938,1
-0.540221669105,-0.0109468897226,1
-0.551043938794,-0.010822269689,1
-0.561660602248,-0.0106166634542,1
-0.571992421926,-0.0103318196781,0
-0.582962562936,-0.0109701410092,1
-0.593489825327,-0.0105272623916,0
-0.604496737173,-0.0110069118453,0
-0.615902852935,-0.0114061157621,1
-0.626625501648,-0.010722648713,2
-0.635587694035,-0.00896219238733,0
-0.644725681348,-0.00913798731288,2
-0.651975078119,-0.00724939677121,0
-0.659285278378,-0.00731020025882,1
-0.665605701581,-0.00632042320269,1
-0.670892998446,-0.00528729686515,2
-0.674111190169,-0.00321819172341,0
-0.677238508827,-0.00312731865772,1
-0.679253898559,-0.00201538973154,1
-0.680143841732,-0.000889943173167,1
-0.679902382381,0.000241459351116,0
-0.679531135682,0.000371246698367,2
-0.677032586147,0.00249854953508,0
-0.674423491149,0.00260909499851,2
-0.669721416053,0.00470207509531,2
-0.662958185277,0.00676323077676,0
-0.656179942116,0.00677824316015,2
-0.647433351511,0.00874659060542,0
-0.638779218433,0.00865413307814,0
-0.630278320208,0.00850089822473,0
-0.621990913901,0.00828740630718,1
-0.612976235994,0.00901467790659,1
-0.603299230548,0.00967700544633,2
-0.592030150971,0.0112690795766,0
-0.581251433599,0.0107787173729,0
-0.571042473879,0.0102089597199,1
-0.560478886607,0.0105635872719,0
-0.550639262482,0.00983962412492,1
-0.540597057064,0.0100422054183,2
-0.529427419781,0.011169637282,2
-0.517214069896,0.0122133498857,0
-0.506048602375,0.011165467521,1
-0.495014700348,0.0110339020264,1
-0.484194916244,0.0108197841047,1
-0.473669973279,0.0105249429646,1
-0.463518097651,0.0101518756285,2
-0.452814391251,0.0107037063993,2
-0.441637586794,0.0111768044569,2
-0.430069315864,0.01156827093,0
-0.420193347599,0.00987596826567,2
-0.410080540843,0.0101128067561,1
-0.400802759064,0.00927778177902,0
-0.393425257528,0.00737750153558,1
-0.386999430565,0.00642582696334,2
-0.380569663835,0.00642976672924,0
-0.376179999726,0.00438966410933,0
-0.373860285105,0.00231971462117,2
-0.371626217919,0.00223406718643,0
-0.371492866829,0.00013335108999,0
-0.373461129724,-0.00196826289529,0
-0.377517735933,-0.00405660620904,0
-0.383635215311,-0.00611747937783,0
-0.39177184627,-0.00813663095915,0
-0.401871607004,-0.0100997607341,2
-0.411864164832,-0.00999255782774,0
-0.42367912682,-0.0118149619887,2
-0.435232313586,-0.0115531867654,1
-0.44744051331,-0.0122081997244,1
-0.46021494356,-0.0127744302498,1
-0.473461892966,-0.0132469494064,0
-0.488083452764,-0.0146215597979,1
-0.502970873805,-0.0148874210408,1
-0.518012905383,-0.0150420315776,1
-0.533096829026,-0.0150839236435,0
-0.549109526908,-0.0160126978819,1
-0.564931080877,-0.0158215539689,2
-0.579443436313,-0.0145123554363,0
-0.594538913331,-0.0150954770176,1
-0.609106346552,-0.0145674332216,2
-0.622039483302,-0.0129331367492,0
-0.635244999943,-0.0132055166414,2
-0.646628738456,-0.0113837385128,0
-0.658110560067,-0.0114818216114,1
-0.668610701234,-0.0105001411664,2
-0.581471795126,0.0,2
-0.58003992482,0.00143187030588,1
-0.578186765738,0.00185315908269,0
-0.576926024246,0.0012607414916,1
-0.57526703229,0.00165899195582,1
-0.573222078304,0.00204495398627,0
-0.57180632273,0.00141575557406,2
-0.569030269604,0.00277605312622,2
-0.564914534223,0.00411573538081,2
-0.559489723457,0.00542481076599,2
-0.552796250405,0.00669347305186,1
-0.545884076204,0.00691217420073,2
-0.537804886732,0.00807918947202,2
-0.528619183678,0.00918570305486,2
-0.518395828986,0.0102233546919,2
-0.507211494809,0.0111843341768,2
-0.495150015736,0.0120614790727,0
-0.484301643431,0.0108483723049,1
-0.473747317384,0.0105543260476,2
-0.462565485077,0.0111818323071,2
-0.450838849013,0.0117266360634,1
-0.439653589306,0.0111852597072,2
-0.428091284692,0.0115623046141,1
-0.417235525537,0.0108557591552,0
-0.408164022354,0.00907150318253,2
-0.398941078662,0.00922294369236,2
-0.389631426943,0.00930965171911,0
-0.382299699066,0.00733172787614,2
-0.374996260852,0.00730343821444,0
-0.369770789232,0.00522547161967,0
-0.36665851092,0.00311227831238,2
-0.363680277424,0.00297823349569,0
-0.362855949645,0.000824327779133,2
-0.362191008556,0.000664941089561,2
-0.361689870198,0.000501138357411,2
-0.361355859701,0.000334010497652,0
-0.363191191807,-0.00183533210689,0
-0.367183682425,-0.0039924906177,0
-0.373306706222,-0.00612302379673,1
-0.380519115884,-0.00721240966201,2
-0.387771972896,-0.00725285701172,0
-0.397015573145,-0.00924360024919,1
-0.407185893211,-0.0101703200667,2
-0.417211669563,-0.0100257763518,2
-0.427021871774,-0.00981020221064,2
-0.436546309411,-0.00952443763728,1
-0.446716244243,-0.0101699348318,0
-0.458457699116,-0.0117414548725,0
-0.471684608303,-0.0132269091872,0
-0.486299301633,-0.0146146933299,0
-0.502193157587,-0.0158938559547,2
-0.517247445359,-0.0150542877718,2
-0.531349365225,-0.0141019198663,0
-0.546393160907,-0.0150437956818,0
-0.562266131908,-0.0158729710013,0
-0.578849747708,-0.0165836157997,1
-0.595020876071,-0.0161711283625,2
-0.609660428021,-0.0146395519507,0
-0.624661664746,-0.0150012367249,0
-0.639916489097,-0.0152548243512,1
-0.654316527877,-0.01440003878,0
-0.66876111891,-0.0144445910326,2
-0.681151079882,-0.012389960972,1
-0.692402907096,-0.0112518272137,1
-0.702442126687,-0.0100392195913,1
-0.711203454531,-0.00876132784388,0
-0.719630861628,-0.00842740709724,0
-0.727671323427,-0.00804046179954,0
-0.735275075884,-0.00760375245695,1
-0.741395826388,-0.00612075050352,1
-0.745996870486,-0.00460104409795,2
-0.748050953671,-0.00205408318485,1
-0.748546003335,-0.000495049664279,0
-0.748479118725,6.68846104176e-05,0
-0.74785069155,0.000628427174449,1
-0.745664405273,0.00218628627757,2
-0.740933117639,0.00473128763403,1
-0.734684880586,0.00624823705222,1
-0.726957207449,0.00772767313733,1
-0.717797211376,0.00915999607315,0
-0.708261732887,0.00953547848906,0
-0.698411045216,0.0098506876709,0
-0.688308543589,0.010102501627,1
-0.677020378747,0.0112881648421,2
-0.663621750468,0.0133986282785,1
-0.649203563724,0.0144181867445,1
-0.633865476467,0.0153380872574,0
-0.61871538957,0.0151500868962,0
-0.603861569764,0.0148538198061,1
-0.588411579112,0.015449990652,2
-0.571478549564,0.016933029548,0
-0.555187655273,0.0162908942913,2
-0.537660198838,0.0175274564347,2
-0.519027313005,0.0186328858336,1
-0.500428712066,0.018598600939,1
-0.482003746699,0.0184249653662,1
-0.463889935068,0.0181138116311,2
-0.445221548785,0.0186683862836,0
-0.428135590113,0.0170859586721,0
-0.412755858149,0.0153797319634,1
-0.548313119996,0.0,0
-0.54912793219,-0.000814812194637,2
-0.548751462837,0.000376469353622,2
-0.5471865273,0.00156493553716,0
-0.54644483123,0.00074169606912,2
-0.544531923861,0.00191290736924,2
-0.541462121054,0.00306980280715,2
-0.537258407274,0.00420371378028,1
-0.532952274926,0.00430613234749,1
-0.528576000539,0.00437627438673,0
-0.525162398353,0.00341360218669,0
-0.522737069038,0.00242532931434,0
-0.521318202516,0.00141886652234,2
-0.518916440158,0.00240176235766,2
-0.515549794162,0.00336664599674,1
-0.512243509659,0.00330628450224,1
-0.509022373181,0.00322113647867,0
-0.506910524882,0.00211184829925,0
-0.505923786183,0.000986738698268,2
-0.504069547795,0.00185423838872,1
-0.502361694836,0.00170785295881,1
-0.50081301225,0.00154868258611,2
-0.49843508983,0.00237792241924,0
-0.497245715849,0.00118937398157,1
-0.496253783985,0.000991931864044,1
-0.495466709604,0.000787074380309,1
-0.494890375337,0.000576334267143,1
-0.494529087988,0.000361287348983,1
-0.494385547043,0.000143540945839,2
-0.493460824945,0.000924722097064,2
-0.491761829645,0.00169899530087,2
-0.48930124857,0.00246058107418,0
-0.488097445309,0.00120380326117,1
-0.487159398942,0.000938046367516,2
-0.48549410389,0.00166529505128,1
-0.484113971858,0.00138013203215,1
-0.483029283804,0.00108468805459,1
-0.482248116301,0.000781167502429,1
-0.481776283929,0.000471832371989,0
-0.482617297926,-0.000841013996403,2
-0.482764899279,-0.000147601353052,2
-0.482217989304,0.000546909974588,0
-0.482980638675,-0.000762649370715,1
-0.484047170734,-0.00106653205928,1
-0.485409644263,-0.00136247352851,0
-0.488057910114,-0.00264826585134,0
-0.491972227691,-0.00391431757698,0
-0.497123388654,-0.0051511609629,2
-0.501472906309,-0.00434951765536,1
-0.505988246153,-0.00451533984401,2
-0.509635603534,-0.0036473573808,1
-0.513387654081,-0.00375205054694,2
-0.516216276062,-0.0028286219812,0
-0.520100262264,-0.00388398620133,2
-0.523010486833,-0.00291022456961,0
-0.526925123566,-0.00391463673306,1
-0.530814813104,-0.00388968953735,1
-0.534650386587,-0.00383557348312,1
-0.538403088172,-0.00375270158538,0
-0.543044793912,-0.00464170573953,0
-0.548540737226,-0.0054959433146,0
-0.55484979034,-0.00630905311337,0
-0.561924804048,-0.00707501370814,0
-0.56971300546,-0.00778820141198,0
-0.5781564523,-0.0084434468408,1
-0.586192541043,-0.00803608874254,0
-0.594761930647,-0.00856938960373,2
-0.601801641679,-0.00703971103231,2
-0.607260196902,-0.00545855522265,1
-0.612097858362,-0.00483766146068,1
-0.616279547007,-0.00418168864481,1
-0.619775051463,-0.00349550445572,2
-0.621559200483,-0.00178414902018,1
-0.622619176329,-0.00105997584617,1
-0.622947373691,-0.0003281973617,0
-0.623541439254,-0.000594065562869,1
-0.623397115127,0.000144324126591,2
-0.621515435521,0.00188167960608,1
-0.618909896912,0.00260553860921,1
-0.615599225697,0.00331067121491,0
-0.612607278169,0.00299194752844,0
-0.609955671811,0.00265160635807,1
-0.606663609543,0.00329206226762,1
-0.602754988721,0.00390862082237,2
-0.597258260246,0.00549672847429,1
-0.591213570799,0.00604468944722,2
-0.583665240825,0.0075483299738,2
-0.574668846491,0.00899639433392,1
-0.565290923351,0.00937792314007,2
-0.554601123762,0.0106897995897,2
-0.542679141641,0.0119219821209,0
-0.531614134909,0.011065006732,1
-0.520489018775,0.0111251161338,1
-0.509387225479,0.0111017932959,1
-0.498391986521,0.0109952389577,2
-0.486585618354,0.0118063681675,1
-0.475056278763,0.011529339591,1
-0.463889722439,0.011166556324,1
-0.453168593031,0.0107211294073,2
-0.441971768428,0.0111968246037,0
-0.463810642594,0.0,1
-0.464256653107,-0.00044601051321,0
-0.46614538232,-0.00188872921344,1
-0.468462881616,-0.00231749929592,1
-0.471192017068,-0.00272913545163,2
-0.473312585957,-0.00212056888877,0
-0.476808872359,-0.0034962864023,2
-0.479654931755,-0.00284605939624,0
-0.483829616154,-0.00417468439886,2
-0.487301862146,-0.00347224599172,0
-0.492045797333,-0.00474393518707,2
-0.496026026609,-0.00398022927662,0
-0.501212815758,-0.00518678914814,0
-0.507567373427,-0.0063545576695,0
-0.515042120266,-0.00747474683929,0
-0.523581034973,-0.00853891470654,1
-0.532120082734,-0.00853904776123,2
-0.539595227653,-0.00747514491847,0
-0.547950445225,-0.00835521757212,0
-0.557123187688,-0.00917274246369,1
-0.56604492072,-0.00892173303197,2
-0.573649167301,-0.0076042465807,1
-0.580879444861,-0.00723027755985,0
-0.588682228631,-0.00780278377025,0
-0.596999982044,-0.00831775341251,0
-0.605771664631,-0.00877168258714,0
-0.614933273818,-0.00916160918677,0
-0.624418413653,-0.00948513983568,1
-0.633158882486,-0.00874046883237,0
-0.642092365633,-0.00893348314723,2
-0.649155745986,-0.00706338035361,2
-0.654299559308,-0.00514381332204,2
-0.657488042488,-0.00318848317927,0
-0.660699140802,-0.00321109831392,0
-0.663910733485,-0.00321159268359,2
-0.665100789143,-0.00119005565795,0
-0.666261168013,-0.00116037886959,2
-0.665383945952,0.00087722206104,2
-0.662475112291,0.00290883366111,0
-0.659554578308,0.00292053398227,1
-0.65564241288,0.00391216542885,1
-0.650765618025,0.00487679485448,1
-0.644958039326,0.00580757869931,0
-0.639260241412,0.00569779791342,0
-0.633712284804,0.00554795660807,1
-0.627353415288,0.00635886951594,0
-0.62122889061,0.00612452467849,0
-0.615382564226,0.00584632638409,1
-0.608856525133,0.006526039093,2
-0.600698002096,0.00815852303661,2
-0.590966376964,0.00973162513196,0
-0.581732927387,0.0092334495771,2
-0.571065678589,0.0106672487983,1
-0.560043629964,0.011022048625,1
-0.548748789185,0.0112948407788,2
-0.536265502218,0.012483286967,1
-0.523687237663,0.0125782645546,2
-0.510108309643,0.0135789280201,2
-0.4956305325,0.0144777771438,1
-0.481362271145,0.0142682613546,2
-0.466409936604,0.0149523345407,0
-0.452884417254,0.0135255193504,0
-0.440885286436,0.0119991308175,2
-0.42850016014,0.0123851262965,1
-0.416818637222,0.011681522918,1
-0.405924338495,0.0108942987268,2
-0.394894380399,0.0110299580963,2
-0.383805898809,0.0110884815901,1
-0.37373539974,0.0100704990685,0
-0.365751391745,0.0079840079956,2
-0.357907487518,0.00784390422651,0
-0.352255722202,0.00565176531634,2
-0.346833181141,0.00542254106076,0
-0.343675113545,0.00315806759644,2
-0.340801894826,0.00287321871891,1
-0.339231962446,0.00156993237954,2
-0.33797534985,0.00125661259669,1
-0.338040067071,-6.47172211186e-05,0
-0.34042570204,-0.00238563496915,1
-0.34411703024,-0.00369132820008,1
-0.349090363031,-0.00497333279075,2
-0.354313536604,-0.00522317357315,2
-0.359752471964,-0.00543893536011,0
-0.367371365229,-0.00761889326515,1
-0.376119536023,-0.008748170794,0
-0.386938066136,-0.0108185301125,0
-0.399753078592,-0.0128150124562,0
-0.414475711238,-0.0147226326467,2
-0.429002226523,-0.0145265152846,0
-0.445228731099,-0.0162265045758,1
-0.462037610901,-0.0168088798021,0
-0.480305579251,-0.0182679683501,2
-0.497897334468,-0.017591755217,1
-0.515681659554,-0.0177843250859,0
-0.534525357427,-0.0188436978736,1
-0.553287120612,-0.018761763185,2
-0.570826515475,-0.0175393948621,0
-0.589012886169,-0.0181863706942,0
-0.607711793934,-0.0186989077648,0
-0.626786527649,-0.0190747337152,2
-0.55399884973,0.0,1
-0.553771165107,0.000227684622371,0
-0.554317496454,-0.00054633134622,0
-0.555633763363,-0.00131626690969,0
-0.557710137544,-0.00207637418119,0
-0.560531122806,-0.00282098526188,1
-0.563075681843,-0.00254455903621,2
-0.564324855717,-0.00124917387489,2
-0.564269343349,5.55123686502e-05,1
-0.56390955798,0.000359785368821,0
-0.564248178118,-0.000338620137627,1
-0.564282682815,-3.45046972048e-05,1
-0.56401281521,0.000269867604955,1
-0.563440584353,0.000572230857276,1
-0.562570250913,0.000870333439579,1
-0.561408296829,0.00116195408384,1
-0.559963379019,0.00144491781066,2
-0.55724626735,0.00271711166833,2
-0.553277227834,0.00396903951577,1
-0.549085893898,0.00419133393678,1
-0.544703592777,0.00438230112056,1
-0.540163111261,0.00454048151647,2
-0.53449844835,0.00566466291039,0
-0.529752052461,0.00474639588905,0
-0.525959509617,0.00379254284453,0
-0.523149261415,0.00281024820166,1
-0.520342384569,0.00280687684631,0
-0.518559930267,0.00178245430206,1
-0.516815265865,0.00174466440133,0
-0.516121474275,0.000693791589952,2
-0.514483757742,0.00163771653304,2
-0.511914395324,0.00256936241852,1
-0.509432647812,0.00248174751144,0
-0.50805711428,0.00137553353218,0
-0.50779810098,0.000259013300017,0
-0.508657548366,-0.000859447385411,0
-0.510629017435,-0.00197146906924,0
-0.513697735148,-0.00306871771316,2
-0.515840699746,-0.00214296459771,1
-0.518041844659,-0.00220114491366,0
-0.521284664625,-0.00324281996529,2
-0.523544840283,-0.00226017565818,0
-0.526805420456,-0.00326058017304,2
-0.529041951163,-0.00223653070755,1
-0.531237659868,-0.00219570870509,0
-0.534376081956,-0.0031384220876,0
-0.538433688328,-0.00405760637179,2
-0.541380069579,-0.00294638125155,1
-0.544193154364,-0.00281308478508,2
-0.545851879555,-0.00165872519053,2
-0.54634383041,-0.000491950855429,1
-0.546665325701,-0.000321495290814,0
-0.547813959904,-0.00114863420235,0
-0.549781139922,-0.00196718001871,2
-0.550552154066,-0.000771014143897,1
-0.551121238088,-0.000569084022047,1
-0.5514841381,-0.000362900012071,0
-0.552638141747,-0.00115400364706,0
-0.554574625539,-0.00193648379154,2
-0.555279124678,-0.000704499138724,0
-0.55674637874,-0.00146725406196,1
-0.557965435316,-0.00121905657637,2
-0.557927198332,3.8236984086e-05,2
-0.556631953044,0.00129524528829,1
-0.555089364237,0.00154258880633,0
-0.554310947173,0.000778417064345,0
-0.554302514583,8.43258965379e-06,1
-0.554064129445,0.000238385138722,0
-0.554597572125,-0.000533442680115,0
-0.555898858796,-0.00130128667101,2
-0.555958273773,-5.94149775155e-05,0
-0.556775373539,-0.000817099765974,0
-0.558344059434,-0.00156868589467,1
-0.559652627333,-0.00130856789889,1
-0.560691318274,-0.00103869094156,1
-0.561452388923,-0.000761070648905,1
-0.561930167282,-0.00047777835892,1
-0.562121093386,-0.000190926104125,1
-0.562023744794,9.73485919659e-05,2
-0.560638846763,0.00138489803151,0
-0.559976719544,0.000662127218407,2
-0.558042299009,0.001934420535,0
-0.556850011504,0.00119228750516,1
-0.55540875312,0.0014412583846,0
-0.55472928185,0.000679471269116,2
-0.552816671036,0.00191261081459,0
-0.551685206505,0.00113146453062,0
-0.551343342908,0.00034186359686,1
-0.550793635236,0.000549707672177,2
-0.549040192304,0.00175344293204,1
-0.547096123951,0.00194406835353,1
-0.5449759714,0.00212015255076,1
-0.54269559976,0.00228037164009,0
-0.541272080275,0.0014235194847,0
-0.540716073099,0.000556007176472,2
-0.539031742607,0.00168433049191,0
-0.53823170621,0.000800036396498,0
-0.53832195808,-9.02518694883e-05,2
-0.537301821982,0.0010201360974,1
-0.536178941982,0.00112288000071,2
-0.584614806608,0.0,2
-0.583159737647,0.00145506896053,0
-0.582260334726,0.000899402921421,2
-0.579923237577,0.00233709714887,2
-0.576165714316,0.00375752326115,0
-0.573015571129,0.00315014318738,2
-0.568496158097,0.00451941303111,1
-0.563641031933,0.00485512616406,0
-0.55948631061,0.00415472132329,1
-0.555062952449,0.00442335816102,2
-0.549403963236,0.00565898921318,1
-0.543551628376,0.00585233485981,1
-0.537549736469,0.00600189190664,0
-0.5324432429,0.00510649356911,1
-0.52727042361,0.00517281929078,1
-0.522070067516,0.00520035609402,1
-0.516881176692,0.00518889082359,2
-0.51074266445,0.00613851224204,0
-0.505700549139,0.00504211531125,1
-0.500792606032,0.00490794310689,1
-0.496055575781,0.00473703025114,0
-0.492524884539,0.00353069124146,1
-0.489226910076,0.0032979744629,2
-0.48518626801,0.00404064206627,0
-0.482433082541,0.00275318546869,1
-0.479987855569,0.00244522697219,2
-0.476868778174,0.00311907739533,1
-0.474099028892,0.00276974928155,2
-0.470699164753,0.00339986413961,1
-0.467694384423,0.00300478032938,2
-0.464106924212,0.00358746021109,1
-0.460963287875,0.0031436363372,2
-0.457286658089,0.00367662978578,2
-0.453104095237,0.0041825628526,2
-0.448446310154,0.00465778508305,2
-0.443347405586,0.00509890456797,0
-0.439844588654,0.00350281693176,2
-0.435963339404,0.00388124925022,2
-0.431731810378,0.00423152902598,2
-0.427180594364,0.00455121601342,2
-0.422342472893,0.00483812147145,0
-0.419252148108,0.00309032478469,1
-0.416931703835,0.00232044427318,0
-0.416397678847,0.000534024987648,2
-0.415653873998,0.00074380484876,0
-0.416705579841,-0.00105170584241,0
-0.419545314624,-0.002839734783,2
-0.422152837727,-0.00260752310333,1
-0.425509514543,-0.0033566768157,2
-0.428591289323,-0.00308177477973,2
-0.431376011613,-0.00278472228998,1
-0.434843614314,-0.00346760270134,1
-0.438969042933,-0.00412542861905,2
-0.442722397479,-0.00375335454632,1
-0.447076390976,-0.00435399349628,2
-0.450999274608,-0.00392288363243,1
-0.455462359892,-0.00446308528404,2
-0.459432917029,-0.00397055713734,0
-0.4648817515,-0.00544883447061,1
-0.470768689754,-0.00588693825421,1
-0.477050196925,-0.00628150717085,2
-0.482679684866,-0.00562948794093,2
-0.487615295788,-0.00493561092196,0
-0.493820258956,-0.00620496316812,2
-0.499248264046,-0.00542800508947,1
-0.504858735581,-0.00561047153551,2
-0.509609683389,-0.00475094780774,0
-0.515465518593,-0.00585583520412,1
-0.521382347172,-0.00591682857918,2
-0.526315798842,-0.00493345166989,0
-0.532228873063,-0.00591307422121,2
-0.537077228784,-0.004848355721,1
-0.541824523651,-0.00474729486675,2
-0.545435193507,-0.00361066985582,1
-0.548882207341,-0.00344701383408,0
-0.553139777212,-0.00425756987164,0
-0.558176079478,-0.00503630226581,1
-0.562953516793,-0.00477743731467,0
-0.568436478786,-0.00548296199304,2
-0.572584171192,-0.00414769240631,0
-0.577365794073,-0.00478162288034,1
-0.581745910681,-0.00438011660829,2
-0.584692132171,-0.00294622148984,0
-0.588182714459,-0.00349058228867,2
-0.590191942106,-0.0020092276464,0
-0.5927050367,-0.00251309459435,0
-0.595703539192,-0.00299850249218,1
-0.598165463498,-0.00246192430533,0
-0.601072790294,-0.00290732679599,1
-0.603404279301,-0.00233148900731,0
-0.606142928756,-0.00273864945462,2
-0.607268804889,-0.00112587613314,0
-0.608773724723,-0.00150491983424,2
-0.608646761434,0.000126963289286,1
-0.607888836373,0.000757925060324,0
-0.607505451584,0.000383384789559,2
-0.605499391422,0.00200606016184,0
-0.603885238377,0.0016141530454,2
-0.600674742094,0.00321049628308,0
-0.597891313521,0.00278342857266,2
-0.444691109677,0.0,2
-0.444277405374,0.000413704302257,0
-0.445453012568,-0.00117560719413,0
-0.448209359023,-0.00275634645475,2
-0.450526318009,-0.00231695898618,1
-0.453386941477,-0.00286062346719,1
-0.45677026844,-0.00338332696386,1
-0.460651458281,-0.00388118984069,1
-0.465001952023,-0.00435049374195,0
-0.470789661967,-0.0057877099435,2
-0.475971785506,-0.00518212353915,1
-0.481509897331,-0.00553811182527,1
-0.487362837619,-0.00585294028811,1
-0.493487012491,-0.00612417487142,1
-0.499836718553,-0.00634970606257,2
-0.505364489142,-0.00552777058866,0
-0.512028948684,-0.00666445954187,2
-0.517780164505,-0.00575121582137,1
-0.523575017693,-0.0057948531884,1
-0.529370049066,-0.00579503137269,1
-0.53512179805,-0.0057517489842,1
-0.540787141578,-0.00566534352759,2
-0.545323629482,-0.00453648790411,0
-0.550697296309,-0.00537366682695,1
-0.555867948023,-0.00517065171424,2
-0.559796958788,-0.00392901076503,1
-0.563455016461,-0.0036580576729,1
-0.566814864083,-0.00335984762233,1
-0.569851498286,-0.00303663420223,2
-0.571542349174,-0.00169085088845,0
-0.573874861756,-0.00233251258232,2
-0.574831731741,-0.000956869984455,2
-0.574405865635,0.000425866105493,2
-0.572600420095,0.00180544554036,2
-0.569428784476,0.00317163561911,2
-0.564914505702,0.0045142787739,0
-0.561091151755,0.00382335394682,1
-0.556987197512,0.00410395424297,1
-0.552633248631,0.00435394888143,2
-0.547061816453,0.00557143217772,2
-0.540314556746,0.00674725970681,2
-0.532441981219,0.00787257552689,1
-0.52450308943,0.00793889178928,1
-0.516557415295,0.0079456741347,1
-0.508664547436,0.0078928678599,2
-0.499883648819,0.0087808986164,2
-0.490280463644,0.00960318517512,1
-0.480926749913,0.00935371373127,2
-0.470892202947,0.0100345469653,0
-0.462251310133,0.00864089281441,1
-0.454067930284,0.00818337984932,1
-0.446402258311,0.00766567197316,2
-0.438310398658,0.0080918596529,0
-0.431851245178,0.00645915347921,1
-0.426071542712,0.00577970246695,0
-0.42201290316,0.00405863955113,0
-0.419704418535,0.00230848462512,2
-0.417162586532,0.00254183200311,1
-0.415405529911,0.00175705662068,0
-0.415445749529,-4.02196172962e-05,1
-0.416282959482,-0.000837209952894,2
-0.416911205809,-0.000628246327621,1
-0.418326017352,-0.0014148115425,2
-0.419517314844,-0.00119129749269,1
-0.421476600504,-0.00195928565992,1
-0.42418987704,-0.00271327653591,2
-0.426637717678,-0.00244784063734,0
-0.430802554338,-0.00416483666065,0
-0.436654407767,-0.00585185342823,1
-0.443150975108,-0.00649656734186,1
-0.450245060721,-0.00709408561287,1
-0.457884869568,-0.00763980884677,0
-0.467014346456,-0.00912947688802,2
-0.475566171313,-0.00855182485744,2
-0.4834769953,-0.00791082398623,2
-0.490688006568,-0.00721101126845,0
-0.499145447779,-0.00845744121106,2
-0.506786124493,-0.00764067671376,0
-0.515552842633,-0.00876671813989,1
-0.52437989941,-0.00882705677751,2
-0.532201097765,-0.00782119835428,2
-0.538957785864,-0.00675668809923,0
-0.546599322143,-0.00764153627866,1
-0.554068491178,-0.0074691690355,2
-0.560309455456,-0.00624096427789,0
-0.56727564588,-0.00696619042435,0
-0.574915196335,-0.00763955045426,2
-0.581171392106,-0.00625619577124,1
-0.586997936897,-0.00582654479122,2
-0.591351849635,-0.00435391273793,0
-0.596201106061,-0.0048492564264,0
-0.601510140116,-0.00530903405509,0
-0.607240144954,-0.00573000483734,1
-0.612349401708,-0.00510925675416,0
-0.61780086536,-0.00545146365168,1
-0.62255518032,-0.00475431496067,0
-0.627578175758,-0.00502299543746,1
-0.631833911506,-0.00425573574827,2
-0.634292073251,-0.00245816174472,1
-0.635935210013,-0.00164313676251,2
-0.538029073378,0.0,1
-0.537920879946,0.000108193431709,2
-0.536705303779,0.00121557616725,1
-0.535391453977,0.0013138498017,2
-0.532989177536,0.00240227644097,0
-0.531516482395,0.0014726951404,2
-0.528984410038,0.00253207235747,1
-0.52641194718,0.00257246285842,0
-0.524818385785,0.00159356139482,0
-0.524215677334,0.000602708450807,2
-0.522608342123,0.00160733521118,2
-0.520008435152,0.00259990697105,0
-0.518435455213,0.00157297993836,2
-0.515901198629,0.00253425658406,0
-0.514424668742,0.0014765298878,0
-0.514016935969,0.00040773277253,2
-0.512681057097,0.0013358788718,2
-0.510427046475,0.0022540106225,1
-0.508271798114,0.00215524836081,2
-0.505231461582,0.00304033653165,0
-0.503328810207,0.00190265137505,0
-0.502578089896,0.000750720311242,1
-0.501984920254,0.000593169642132,1
-0.501553740958,0.000431179295563,0
-0.502287778922,-0.000734037963445,1
-0.503181540499,-0.000893761576835,0
-0.505228335606,-0.00204679510705,2
-0.506412839278,-0.00118450367288,0
-0.508726180377,-0.00231334109814,1
-0.511151028933,-0.00242484855652,2
-0.512669213893,-0.00151818495977,0
-0.515269355878,-0.00260014198541,0
-0.518931962011,-0.00366260613227,1
-0.522629568101,-0.00369760609075,1
-0.526334443238,-0.00370487513673,0
-0.531018801098,-0.00468435785976,2
-0.534647513362,-0.00362871226428,1
-0.538193375266,-0.00354586190388,2
-0.540629812642,-0.00243643737572,1
-0.542938572807,-0.00230876016517,2
-0.544102365857,-0.00116379305064,0
-0.546112478934,-0.00201011307644,2
-0.546953867585,-0.000841388650956,0
-0.548620236328,-0.00166636874274,2
-0.5490991203,-0.000478883971949,0
-0.55038693818,-0.00128781788014,0
-0.552474061033,-0.0020871228535,2
-0.553344889996,-0.000870828962714,1
-0.553992919086,-0.000648029090158,0
-0.555413307849,-0.0014203887628,2
-0.555595449722,-0.000182141873264,0
-0.556537984895,-0.000942535172661,0
-0.558233877863,-0.00169589296776,2
-0.558670474725,-0.000436596862767,0
-0.55984451889,-0.0011740441649,1
-0.560747255366,-0.000902736475946,2
-0.56037195462,0.000375300746222,0
-0.560721414121,-0.000349459501174,2
-0.559793029008,0.000928385113141,2
-0.557593720102,0.00219930890551,1
-0.555139890856,0.00245382924629,2
-0.551449856095,0.00369003476145,2
-0.546551181185,0.00489867490948,2
-0.540480499232,0.00607068195286,2
-0.533283258471,0.00719724076144,2
-0.525013394306,0.00826986416504,0
-0.517732920532,0.0072804737735,2
-0.509496438401,0.0082364821311,0
-0.50236569225,0.00713074615122,0
-0.496394086552,0.00597160569831,1
-0.490626289589,0.00576779696318,1
-0.485105383187,0.00552090640171,2
-0.478872535987,0.00623284719994,1
-0.47297412993,0.00589840605717,0
-0.468453950782,0.00452017914788,2
-0.463345473857,0.00510847692527,1
-0.458686439805,0.00465903405121,0
-0.455511177054,0.00317526275129,1
-0.452843027644,0.00266814940974,2
-0.449701570227,0.00314145741786,1
-0.447109813193,0.0025917570331,2
-0.444086702203,0.0030231109902,2
-0.440654292581,0.0034324096218,1
-0.437837566723,0.00281672585814,2
-0.434656977192,0.0031805895315,2
-0.431135563925,0.00352141326635,2
-0.42729876567,0.00383679825533,2
-0.423174212446,0.00412455322382,1
-0.419791501144,0.00338271130223,2
-0.416174820786,0.00361668035784,2
-0.412349946131,0.00382487465496,2
-0.408344034183,0.00400591194843,2
-0.404185411662,0.00415862252069,0
-0.401903355632,0.00228205603046,1
-0.400513874278,0.00138948135403,1
-0.400026694103,0.000487180174731,0
-0.401445221712,-0.00141852760895,1
-0.403759532701,-0.00231431098888,0
-0.40795340078,-0.00419386807924,1
-0.412997314063,-0.00504391328281,1
-0.448674006935,0.0,2
-0.448231222813,0.000442784121849,0
-0.449348891419,-0.00111766860602,0
-0.452018840459,-0.00266994904009,1
-0.455221522542,-0.00320268208288,0
-0.459933445021,-0.00471192247887,2
-0.464119959673,-0.00418651465197,1
-0.468750201985,-0.00463024231253,1
-0.47378995481,-0.00503975282442,2
-0.478201885161,-0.00441193035067,0
-0.483953240644,-0.00575135548345,0
-0.491001237107,-0.00704799646327,1
-0.498293325617,-0.00729208850929,1
-0.50577502275,-0.00748169713331,2
-0.512390334337,-0.00661531158723,0
-0.520089693393,-0.00769935905638,0
-0.52881537008,-0.00872567668681,0
-0.538501923905,-0.00968655382521,2
-0.547076741353,-0.0085748174472,2
-0.554475619611,-0.00739887825873,1
-0.561643252568,-0.00716763295677,1
-0.568526171024,-0.00688291845626,1
-0.575073153291,-0.00654698226649,1
-0.581235610251,-0.00616245696033,0
-0.58796794177,-0.0067323315183,0
-0.595220499401,-0.00725255763104,0
-0.602940017777,-0.00771951837602,0
-0.611070079818,-0.00813006204097,2
-0.617551610405,-0.0064815305869,2
-0.622337787751,-0.00478617734679,0
-0.627394204854,-0.00505641710277,1
-0.631684675579,-0.0042904707246,0
-0.636178633161,-0.0044939575827,1
-0.63984420271,-0.00366556954875,2
-0.641655496181,-0.0018112934709,2
-0.641599759275,5.5736905907e-05,1
-0.640677384086,0.000922375188793,0
-0.639894862782,0.00078252130387,0
-0.639257708331,0.000637154451382,1
-0.637770413051,0.00148729528014,0
-0.63644347532,0.0013269377311,0
-0.635286275715,0.00115719960479,2
-0.632307005622,0.00297927009281,1
-0.628526799537,0.00378020608542,0
-0.624972565551,0.0035542339861,2
-0.619669694113,0.0053028714379,0
-0.614656224792,0.00501346932105,0
-0.609968286707,0.00468793808522,1
-0.604639801258,0.00532848544871,0
-0.599709478245,0.00493032301254,2
-0.593213272141,0.00649620610439,0
-0.587198744392,0.00601452774887,1
-0.580710105778,0.00648863861369,0
-0.574795224767,0.00591488101094,0
-0.569497878243,0.00529734652399,1
-0.563857375259,0.00564050298445,0
-0.558915666297,0.00494170896224,0
-0.55470957594,0.00420609035638,1
-0.550270493189,0.00443908275118,0
-0.546631585942,0.00363890724685,2
-0.54182007005,0.00481151589187,0
-0.5378719625,0.0039481075507,0
-0.534816838757,0.00305512374284,1
-0.531677595422,0.00313924333539,1
-0.528477766869,0.00319982855231,1
-0.525241347189,0.00323641968025,1
-0.521992608272,0.00324873891732,0
-0.519755915563,0.00223669270899,2
-0.516548043665,0.00320787189715,2
-0.512393048315,0.00415499535083,2
-0.50732208009,0.005070968225,1
-0.502373138575,0.00494894151514,0
-0.498583281778,0.00378985679644,0
-0.495980865127,0.00260241665148,0
-0.494585345898,0.00139551922885,2
-0.492407152738,0.00217819315965,2
-0.489462555497,0.00294459724106,1
-0.486773532635,0.00268902286164,2
-0.483360137629,0.00341339500658,2
-0.479247799977,0.00411233765142,2
-0.474467114075,0.00478068590207,2
-0.469053582834,0.00541353124102,0
-0.465047317313,0.00400626552127,2
-0.460477932993,0.00456938431988,2
-0.455379130814,0.00509880217923,2
-0.449788411695,0.00559071911922,2
-0.44374675757,0.00604165412451,2
-0.437298281899,0.00644847567078,2
-0.430489853227,0.00680842867245,1
-0.424370695984,0.00611915724281,1
-0.418984806454,0.00538588953004,0
-0.415370704808,0.00361410164631,1
-0.412554126945,0.0028165778624,0
-0.411555064778,0.000999062167873,1
-0.411380595641,0.00017446913667,1
-0.412031954713,-0.000651359072508,1
-0.413504529458,-0.00147257474494,0
-0.416787880448,-0.00328335098983,0
-0.421858674567,-0.00507079411861,1
-0.427680726944,-0.005822052377,1
-0.532341185656,0.0,0
-0.533275625098,-0.000934439441332,0
-0.535137498362,-0.00186187326389,1
-0.536912848487,-0.00177535012539,1
-0.538588369615,-0.00167552112788,1
-0.540151506674,-0.00156313705871,1
-0.541590549265,-0.00143904259183,0
-0.543894719065,-0.00230416979987,2
-0.545046763326,-0.00115204426108,0
-0.547038058654,-0.00199129532738,0
-0.549853704195,-0.002815645541,2
-0.551472641311,-0.00161893711679,2
-0.551882767988,-0.000410126676272,0
-0.55308101918,-0.00119825119264,0
-0.555058441726,-0.00197742254604,2
-0.5558002669,-0.000741825173716,2
-0.555300956361,0.000499310538816,2
-0.553564237748,0.00173671861375,0
-0.552603080748,0.00096115700004,1
-0.551424665853,0.00117841489409,2
-0.54903779908,0.0023868667738,1
-0.546460324781,0.00257747429836,1
-0.543711523254,0.00274880152711,0
-0.541811967634,0.0018995556205,0
-0.540775881032,0.00103608660193,1
-0.539611023148,0.0011648578835,0
-0.539326119589,0.000284903559556,2
-0.537923304709,0.00140281488019,2
-0.535413088924,0.00251021578466,1
-0.53281428434,0.00259880458431,1
-0.530146372244,0.00266791209559,2
-0.526429356331,0.00371701591259,2
-0.521691111318,0.00473824501295,1
-0.516967173709,0.00472393760895,2
-0.511292969834,0.00567420387574,0
-0.506711038538,0.00458193129548,0
-0.503255711094,0.00345532744406,1
-0.49995286194,0.00330284915391,0
-0.497827208439,0.00212565350168,1
-0.495894649184,0.00193255925439,0
-0.495169631747,0.0007250174373,0
-0.495657574492,-0.00048794274551,1
-0.496354830925,-0.000697256432561,2
-0.496256189528,9.86413965134e-05,1
-0.496362387635,-0.000106198106313,1
-0.496672631426,-0.000310243791056,2
-0.496184601748,0.000488029677594,0
-0.496901946672,-0.00071734492356,1
-0.497819303823,-0.000917357151105,1
-0.498929814329,-0.00111051050585,1
-0.5002251732,-0.00129535887116,0
-0.502695690466,-0.00247051726657,0
-0.506322878141,-0.00362718767482,2
-0.509079577049,-0.00275669890735,1
-0.511945135515,-0.00286555846629,2
-0.513898078478,-0.0019529429632,2
-0.5149237664,-0.00102568792225,1
-0.516014509547,-0.00109074314698,1
-0.517162129782,-0.00114762023461,2
-0.51735802186,-0.000195892078223,0
-0.518600716857,-0.0012426949969,2
-0.51888089589,-0.000280179032859,0
-0.520196457839,-0.00131556194929,0
-0.522537536729,-0.00234107888941,2
-0.523886574896,-0.00134903816749,1
-0.525233454569,-0.00134687967302,2
-0.525568074199,-0.000334619629885,2
-0.524887924175,0.000680150023703,0
-0.525198105561,-0.000310181386072,2
-0.524496292019,0.000701813542629,1
-0.523787747111,0.00070854490765,2
-0.522077784917,0.00170996219392,2
-0.519379230114,0.0026985548034,0
-0.517712321056,0.00166690905744,1
-0.516089558113,0.00162276294297,1
-0.514523109538,0.00156644857533,0
-0.514024720049,0.000498389489413,1
-0.513598126103,0.000426593945184,1
-0.513246525778,0.000351600325659,2
-0.511972554845,0.00127397093262,0
-0.51178576289,0.00018679195532,1
-0.511687549986,9.82129041715e-05,0
-0.512678652263,-0.000991102277396,2
-0.512751640816,-7.29885532795e-05,1
-0.512905968523,-0.000154327706782,0
-0.51414047853,-0.00123451000659,1
-0.515445916246,-0.00130543771599,0
-0.517812494311,-0.00236657806479,2
-0.519222467306,-0.00140997299501,2
-0.51966526167,-0.000442794364292,1
-0.520137556704,-0.000472295034069,1
-0.520635810413,-0.000498253709292,0
-0.522156286069,-0.00152047565554,1
-0.523687580362,-0.00153129429325,2
-0.52421820862,-0.000530628257527,2
-0.523744191132,0.000474017487459,2
-0.522269083028,0.00147510810393,1
-0.520803947592,0.0014651354361,0
-0.52035977312,0.000444174471646,2
-0.518939890785,0.00141988233534,2
-0.54905072612,0.0,1
-0.548860021925,0.000190704195012,1
-0.54848003968,0.00037998224483,1
-0.547913621195,0.000566418485171,1
-0.547165003046,0.000748618148922,0
-0.547239785393,-7.47823473798e-05,1
-0.547137408775,0.000102376618365,0
-0.547858639094,-0.000721230318572,0
-0.54939808102,-0.00153944192646,2
-0.549744221284,-0.000346140264353,2
-0.548894471711,0.000849749573193,1
-0.547855186457,0.00103928525381,2
-0.545634138638,0.00222104781969,0
-0.544247945937,0.00138619270019,1
-0.542706983492,0.0015409624454,1
-0.541022787964,0.00168419552785,1
-0.539207971846,0.00181481611776,1
-0.537276129537,0.00193184230905,2
-0.534241735856,0.00303439368151,1
-0.531127533534,0.00311420232163,0
-0.528956870329,0.00217066320537,1
-0.526746023144,0.00221084718533,2
-0.523511571952,0.00323445119121,0
-0.521277774788,0.00223379716387,2
-0.51806138499,0.00321638979846,2
-0.513886523711,0.00417486127903,2
-0.508784494015,0.00510202969596,2
-0.502793534859,0.00599095915631,1
-0.496958513713,0.00583502114534,2
-0.4903230819,0.00663543181353,1
-0.483936803487,0.00638627841321,1
-0.477847288461,0.006089515026,2
-0.471099833224,0.00674745523626,0
-0.465744494262,0.0053553389625,2
-0.459820887181,0.00592360708092,2
-0.453372701079,0.00644818610203,1
-0.447447322916,0.00592537816339,1
-0.442088125533,0.00535919738292,1
-0.437334183714,0.00475394181879,1
-0.4332200286,0.00411415511371,2
-0.428775439337,0.00444458926302,0
-0.426032472073,0.00274296726406,0
-0.425010848297,0.00102162377646,0
-0.425717900904,-0.000707052607075,0
-0.428148555617,-0.00243065471332,1
-0.431285343758,-0.00313678814082,2
-0.434105666433,-0.00282032267565,1
-0.437589152981,-0.00348348654803,1
-0.441710577458,-0.00412142447639,2
-0.445440004482,-0.00372942702396,2
-0.448750265658,-0.00331026117603,2
-0.451617185145,-0.00286691948667,1
-0.455019780512,-0.00340259536733,0
-0.459933097524,-0.00491331701251,1
-0.465321009269,-0.00538791174444,1
-0.471143780964,-0.0058227716951,2
-0.476358343401,-0.00521456243696,1
-0.481926024244,-0.00556768084321,0
-0.4888054372,-0.00687941295571,0
-0.496945326602,-0.00813988940184,1
-0.505284903923,-0.00833957732113,2
-0.512761766189,-0.00747686226674,1
-0.52031989171,-0.00755812552012,0
-0.528902608462,-0.0085827167527,0
-0.538445548147,-0.0095429396847,1
-0.547877173851,-0.00943162570396,0
-0.55812687252,-0.0102496986695,1
-0.56811807331,-0.00999120078954,0
-0.578776371135,-0.0106582978247,2
-0.588022724314,-0.00924635317933,0
-0.59778890038,-0.00976617606645,1
-0.607003233144,-0.00921433276349,1
-0.615598539175,-0.00859530603094,2
-0.622512573846,-0.00691403467145,0
-0.629695594571,-0.00718302072477,1
-0.636096256939,-0.00640066236752,0
-0.642669114216,-0.00657285727736,2
-0.64736781483,-0.0046987006144,1
-0.651159430984,-0.00379161615372,2
-0.653017522689,-0.00185809170485,1
-0.653929176845,-0.000911654155663,0
-0.654888068496,-0.000958891651846,1
-0.654887552652,5.15844033685e-07,2
-0.652927632885,0.00195991976731,1
-0.650021899598,0.00290573328689,2
-0.645190561656,0.00483133794211,1
-0.639467375108,0.00572318654762,2
-0.631892569113,0.00757480599586,0
-0.624519772182,0.00737279693035,1
-0.616401578601,0.00811819358089,0
-0.60859632079,0.0078052578109,1
-0.600160467274,0.00843585351676,1
-0.591155436556,0.00900503071769,0
-0.582647192387,0.00850824416901,2
-0.572698397667,0.00994879471978,0
-0.563382685978,0.00931571168876,0
-0.554769302852,0.0086133831269,1
-0.545922481331,0.00884682152017,2
-0.535908357146,0.0100141241853,2
-0.524801932081,0.0111064250646,0
-0.591618183033,0.0,0
-0.592111570503,-0.000493387470082,2
-0.591094722369,0.00101684813453,0
-0.590575106828,0.000519615541042,1
-0.589556541985,0.00101856484254,1
-0.588046515706,0.00151002627923,0
-0.587056137202,0.000990378504055,1
-0.585592698021,0.00146343918094,2
-0.582666980192,0.00292571782934,0
-0.580300565726,0.0023664144654,1
-0.577510935762,0.00278962996433,0
-0.575318725131,0.0021922106305,2
-0.571740169427,0.00357855570445,1
-0.567801807148,0.00393836227937,2
-0.562532892925,0.00526891422257,0
-0.557972636332,0.00456025659283,0
-0.554155032458,0.00381760387407,1
-0.550108577484,0.00404645497381,2
-0.544863508521,0.00524506896355,0
-0.540459062215,0.00440444630613,2
-0.534928217672,0.00553084454296,2
-0.528312418672,0.00661579899965,1
-0.521661268528,0.00665115014451,2
-0.514024649604,0.0076366189233,0
-0.507459826753,0.00656482285096,0
-0.502015998733,0.00544382802005,1
-0.49673392846,0.00528207027295,2
-0.490653126487,0.00608080197368,0
-0.485819014781,0.00483411170584,0
-0.482267645032,0.00355136974892,1
-0.479025465073,0.00324217995896,2
-0.475116589563,0.00390887551001,2
-0.470570049771,0.00454653979208,2
-0.465419549953,0.00515049981784,0
-0.461703182278,0.00371636767481,0
-0.459448368481,0.00225481379727,1
-0.457671718271,0.00177665020993,0
-0.457386303672,0.000285414599046,1
-0.457594223382,-0.000207919709768,1
-0.45829394857,-0.000699725188305,2
-0.458480332767,-0.000186384196689,1
-0.459152004756,-0.000671671988975,2
-0.459304021835,-0.000152017079756,2
-0.458935265071,0.000368756764505,0
-0.460048448556,-0.00111318348491,0
-0.462635377344,-0.00258692878775,1
-0.465676986935,-0.0030416095918,1
-0.469150827098,-0.00347384016262,1
-0.473031213374,-0.00388038627582,1
-0.477289403356,-0.00425818998177,0
-0.482893797434,-0.00560439407857,1
-0.488802720671,-0.00590892323662,2
-0.493972140617,-0.00516941994581,0
-0.500363467891,-0.00639132727411,2
-0.505928918884,-0.00556545099319,1
-0.511626831745,-0.00569791286158,0
-0.518414514883,-0.00678768313775,2
-0.524241078409,-0.00582656352562,0
-0.531062824666,-0.00682174625752,2
-0.536828595234,-0.00576577056756,0
-0.543495168203,-0.00666657296864,2
-0.549012606819,-0.00551743861685,2
-0.553339626304,-0.00432701948483,2
-0.556443885237,-0.00310425893291,0
-0.560302204279,-0.00385831904227,2
-0.562885803523,-0.00258359924313,2
-0.564175431764,-0.00128962824172,1
-0.565161486119,-0.000986054354315,2
-0.564836627242,0.000324858876158,1
-0.564203272809,0.000633354433102,0
-0.564266137227,-6.28644178864e-05,2
-0.563024752512,0.00124138471512,0
-0.562488361933,0.000536390578615,1
-0.561660960694,0.000827401239479,1
-0.560548713008,0.00111224768644,0
-0.560159907978,0.000388805029293,2
-0.558497443934,0.00166246404429,0
-0.557573717782,0.000923726152364,1
-0.556395620527,0.00117809725476,1
-0.554971943613,0.00142367691337,2
-0.552313315184,0.00265862842906,1
-0.549439593963,0.00287372122145,2
-0.545372260666,0.00406733329705,2
-0.540141742334,0.00523051833198,2
-0.533787202677,0.00635453965654,1
-0.527356261715,0.00643094096219,0
-0.521897140204,0.00545912151125,0
-0.517450780903,0.00444635930122,1
-0.513050528947,0.00440025195525,0
-0.509729375639,0.00332115330833,0
-0.507512212819,0.00221716282016,1
-0.505415652393,0.00209656042582,0
-0.504455397769,0.000960254624609,1
-0.503638639567,0.000816758201717,2
-0.501971492939,0.00166714662835,2
-0.49946643715,0.00250505578868,0
-0.498142215834,0.00132422131576,1
-0.497008733182,0.00113348265217,2
-0.495074464416,0.00193426876639,1
-0.493353866984,0.00172059743162,1
-0.544224358891,0.0,1
-0.544069765709,0.000154593181296,0
-0.544761736593,-0.000691970883952,2
-0.544295091879,0.000466644714409,0
-0.544673324505,-0.000378232625611,1
-0.544893603292,-0.000220278787531,2
-0.543954279486,0.000939323806052,0
-0.543862384268,9.18952177839e-05,2
-0.542618605574,0.00124377869427,0
-0.542232255548,0.000386350026086,1
-0.541706227195,0.000526028353329,2
-0.540044459736,0.00166176745814,1
-0.53825939968,0.0017850600563,1
-0.536364420389,0.00189497929086,2
-0.533373722164,0.00299069822501,2
-0.529309722347,0.0040639998173,0
-0.526202892524,0.00310682982249,0
-0.524076532024,0.00212636050077,1
-0.521946588351,0.00212994367273,0
-0.520829036032,0.00111755231912,2
-0.51873225652,0.00209677951141,2
-0.515671974606,0.00306028191491,2
-0.511671138095,0.00400083651064,1
-0.507759739776,0.00391139831858,0
-0.504967089528,0.00279265024808,0
-0.503314104174,0.00165298535392,0
-0.502813159975,0.000500944198882,0
-0.503468006885,-0.000654846910059,0
-0.505273742801,-0.00180573591519,0
-0.508216847244,-0.00294310444284,0
-0.51227527521,-0.00405842796637,1
-0.516418613096,-0.00414333788614,0
-0.521615798037,-0.00519718494058,0
-0.527827855221,-0.00621205718457,0
-0.535008195159,-0.00718033993832,1
-0.542102981159,-0.00709478599935,0
-0.550059056885,-0.00795607572603,1
-0.557816888854,-0.00775783196905,1
-0.565318535471,-0.0075016466166,1
-0.572508100165,-0.00718956469493,2
-0.578332159727,-0.00582405956162,0
-0.584747561053,-0.0064154013262,2
-0.589706914431,-0.00495935337749,0
-0.595173700635,-0.00546678620428,1
-0.600107790509,-0.00493408987427,1
-0.60447308789,-0.00436529738076,0
-0.609237761361,-0.00476467347069,0
-0.614367185048,-0.0051294236876,1
-0.618824227641,-0.0044570425926,0
-0.623576754084,-0.00475252644266,0
-0.628590637796,-0.00501388371229,2
-0.631830038361,-0.0032394005649,1
-0.634271892453,-0.00244185409205,2
-0.634898864651,-0.000626972198178,1
-0.634706510919,0.000192353732424,2
-0.632696194369,0.00201031654954,0
-0.630882177311,0.0018140170581,0
-0.629277354499,0.0016048228117,1
-0.62689315319,0.0023842013092,1
-0.623746583536,0.00314656965365,1
-0.619860154391,0.00388642914501,2
-0.614261757946,0.00559839644541,1
-0.607991742008,0.0062700159382,0
-0.602095519122,0.0058962228856,1
-0.595615996952,0.00647952217004,0
-0.589600537879,0.00601545907277,2
-0.582093293844,0.00750724403565,0
-0.575149589092,0.00694370475166,0
-0.568820792598,0.00632879649456,2
-0.561153870423,0.00766692217437,0
-0.55420588054,0.00694798988322,2
-0.5460286598,0.00817722073972,2
-0.53668334185,0.00934531794971,2
-0.526239914854,0.0104434269968,0
-0.51677667952,0.00946323533395,2
-0.506364606334,0.0104120731852,1
-0.49608173184,0.010282874495,0
-0.487005000852,0.00907673098704,0
-0.479202172226,0.00780282862677,1
-0.471731334529,0.00747083769699,1
-0.464647934766,0.00708339976318,1
-0.458004365167,0.00664356959852,1
-0.451849584721,0.00615478044637,2
-0.44522877751,0.00662080721042,0
-0.440190345188,0.00503843232267,0
-0.436770968466,0.00341937672155,1
-0.433995460983,0.00277550748298,2
-0.430883914267,0.00311154671649,2
-0.427458797591,0.00342511667584,1
-0.424744775365,0.00271402222526,1
-0.422761338191,0.00198343717413,1
-0.421522699455,0.00123863873649,1
-0.421037721944,0.000484977510601,2
-0.420309872974,0.000727848970381,0
-0.421344353241,-0.00103448026754,2
-0.422133769995,-0.00078941675363,0
-0.424672476896,-0.00253870690092,0
-0.428942287399,-0.00426981050296,0
-0.434912518744,-0.00597023134513,2
-0.440540077421,-0.00562755867685,1
-0.592846935958,0.0,1
-0.592331302447,0.000515633510566,2
-0.590303820141,0.00202748230565,2
-0.586779382415,0.0035244377259,0
-0.583783922337,0.00299546007818,2
-0.579339522229,0.00444440010852,0
-0.575479012166,0.00386051006312,2
-0.570230969362,0.00524804280345,1
-0.564634324791,0.00559664457105,1
-0.558730690392,0.00590363439901,1
-0.552564054179,0.00616663621265,2
-0.545180451666,0.00738360251331,0
-0.538635099644,0.00654535202173,1
-0.531977013434,0.00665808621071,0
-0.526256097055,0.00572091637845,1
-0.520515250977,0.00574084607828,0
-0.515797531004,0.00471771997346,2
-0.510138315023,0.00565921598012,2
-0.503580025063,0.00655828996029,0
-0.498171785495,0.00540823956837,2
-0.491954063463,0.00621772203158,0
-0.486973320436,0.00498074302703,2
-0.481266715941,0.00570660449523,2
-0.474876749165,0.00638996677575,0
-0.469850897823,0.00502585134183,1
-0.465226411061,0.00462448676222,1
-0.461037482903,0.00418892815826,1
-0.457315014617,0.00372246828595,0
-0.455086404783,0.00222860983402,1
-0.45336802744,0.00171837734313,2
-0.451172492312,0.00219553512728,1
-0.449515890323,0.00165660198998,2
-0.44741034715,0.00210554317252,1
-0.445871254867,0.00153909228269,1
-0.444909850379,0.000961404488678,0
-0.445533146659,-0.000623296279958,2
-0.445736597617,-0.000203450958506,2
-0.445518718919,0.000217878698087,2
-0.444881100153,0.000637618766004,1
-0.4448283918,5.27083531719e-05,1
-0.445360978193,-0.000532586393179,0
-0.447474975201,-0.00211399700761,0
-0.451154950983,-0.00367997578254,0
-0.456373988369,-0.00521903738577,1
-0.462093800848,-0.00571981247946,0
-0.469272287611,-0.00717848676288,2
-0.475856421632,-0.00658413402094,0
-0.48379740033,-0.00794097869798,1
-0.492036180521,-0.00823878019054,0
-0.501511326604,-0.00947514608318,2
-0.510152007357,-0.00864068075309,2
-0.517893511521,-0.00774150416404,2
-0.524677803076,-0.00678429155545,1
-0.53145400194,-0.0067761988635,2
-0.537171292059,-0.0057172901187,0
-0.543786816429,-0.00661552437058,0
-0.551251023039,-0.00746420660986,2
-0.557508075584,-0.0062570525445,1
-0.563511246792,-0.00600317120847,2
-0.568215789238,-0.00470454244572,0
-0.57358670239,-0.00537091315237,0
-0.579584109744,-0.00599740735373,2
-0.584163598437,-0.00457948869324,1
-0.588291346111,-0.00412774767381,0
-0.592936939675,-0.00464559356448,1
-0.597066239234,-0.00412929955887,2
-0.599648983049,-0.00258274381471,0
-0.602666285719,-0.00301730267013,0
-0.606096127361,-0.00342984164171,0
-0.60991353599,-0.00381740862932,0
-0.614090794188,-0.0041772581975,0
-0.618597668072,-0.00450687388452,0
-0.6234016563,-0.00480398822766,2
-0.626468256504,-0.00306660020454,0
-0.629775523922,-0.00330726741756,0
-0.633299863645,-0.00352433972299,2
-0.635016216998,-0.00171635335267,0
-0.636912412937,-0.00189619593939,0
-0.638975030411,-0.00206261747418,2
-0.6391895011,-0.000214470688986,0
-0.639554312046,-0.00036481094621,0
-0.640066890543,-0.000512578497003,2
-0.638723623529,0.00134326701412,0
-0.637533983696,0.00118963983284,2
-0.634506371843,0.00302761185362,0
-0.631662215745,0.00284415609734,0
-0.629021706178,0.00264050956697,2
-0.624603640151,0.00441806602727,1
-0.619439577097,0.0051640630543,2
-0.61256657102,0.0068730060772,1
-0.605034200601,0.00753237041825,1
-0.596897122038,0.00813707856317,0
-0.589214725498,0.00768239654072,2
-0.580043381377,0.00917134412011,1
-0.570450722927,0.00959265845034,1
-0.560507830735,0.00994289219205,1
-0.550288685937,0.0102191447977,1
-0.539869580635,0.0104191053021,2
-0.528328492749,0.0115410878861,0
-0.517751933175,0.0105765595744,0
-0.457834163878,0.0,1
-0.45832420484,-0.000490040962149,0
-0.460300682228,-0.00197647738751,1
-0.462749047306,-0.00244836507887,0
-0.466651254857,-0.00390220755005,0
-0.47197849417,-0.00532723931358,2
-0.47669134001,-0.00471284583944,1
-0.481754831644,-0.00506349163418,2
-0.486131329273,-0.00437649762933,0
-0.491788241405,-0.00565691213243,1
-0.497683370578,-0.00589512917298,1
-0.503772669542,-0.00608929896356,1
-0.510010576644,-0.00623790710171,1
-0.516350367015,-0.00633979037093,1
-0.522744516166,-0.00639414915111,1
-0.529145072256,-0.00640055608984,0
-0.53650403304,-0.00735896078426,1
-0.543766228571,-0.00726219553143,0
-0.551877260468,-0.00811103189684,2
-0.558776458039,-0.00689919757103,0
-0.566412312446,-0.00763585440725,2
-0.572727947467,-0.00631563502107,1
-0.578676446297,-0.00594849882997,0
-0.585213739693,-0.00653729339513,0
-0.592291547912,-0.00707780821933,0
-0.599857799183,-0.00756625127084,2
-0.605857083883,-0.00599928470023,1
-0.611245673927,-0.00538859004357,0
-0.616984460734,-0.00573878680761,2
-0.621031981082,-0.00404752034734,0
-0.625359113778,-0.00432713269621,0
-0.629934843453,-0.00457572967569,0
-0.634726510735,-0.0047916672813,0
-0.639700073458,-0.00497356272292,2
-0.642820376083,-0.00312030262565,1
-0.645065459284,-0.002245083201,1
-0.646419570476,-0.00135411119173,0
-0.647873228057,-0.00145365758123,2
-0.647416269937,0.000456958119958,1
-0.646051888718,0.00136438121914,1
-0.643789626964,0.00226226175392,0
-0.641645340143,0.00214428682159,0
-0.639634094387,0.00201124575524,2
-0.635770053681,0.00386404070664,1
-0.631080516791,0.00468953688983,0
-0.626598763124,0.00448175366662,2
-0.620356744171,0.00624201895375,2
-0.61239918851,0.00795755566088,2
-0.60278347951,0.00961570899982,1
-0.592579455176,0.0102040243339,1
-0.581861760469,0.0107176947069,1
-0.570709314983,0.0111524454862,2
-0.558204715546,0.0125045994365,2
-0.544441037544,0.0137636780027,0
-0.531521144413,0.0129198931311,0
-0.519541839109,0.0119793053034,1
-0.507592960078,0.011948879031,1
-0.495764078539,0.0118288815395,0
-0.4851437147,0.0106203638388,1
-0.474811124489,0.0103325902105,0
-0.465843136642,0.00896798784691,0
-0.458306151956,0.00753698468686,0
-0.452255736502,0.00605041545332,2
-0.445736318045,0.00651941845731,1
-0.439795571971,0.00594074607405,2
-0.433476749653,0.0063188223178,1
-0.42782563792,0.00565111173287,2
-0.421882982549,0.00594265537093,1
-0.416691411551,0.00519157099818,1
-0.412287970338,0.00440344121323,0
-0.409703930988,0.00258403935031,2
-0.406957578438,0.00274635254941,2
-0.404068290965,0.00288928747347,1
-0.402056392567,0.00201189839738,2
-0.399935996622,0.00212039594543,1
-0.398721942448,0.00121405417356,1
-0.398422709977,0.000299232471032,0
-0.400040387429,-0.00161767745191,1
-0.402563676941,-0.00252328951148,2
-0.404974913369,-0.00241123642843,0
-0.409257168481,-0.00428225511169,1
-0.414380266659,-0.00512309817821,0
-0.42130792526,-0.00692765860062,0
-0.429990780797,-0.00868285553753,1
-0.439366504958,-0.00937572416091,2
-0.448367269196,-0.0090007642384,1
-0.457927491739,-0.00956022254214,1
-0.467977068843,-0.0100495771049,1
-0.478441875531,-0.0104648066877,1
-0.489244324003,-0.0108024484715,1
-0.50030397496,-0.0110596509571,2
-0.510538194746,-0.0102342197868,0
-0.521870343828,-0.0113321490817,2
-0.53221545609,-0.0103451122619,1
-0.542495950445,-0.0102804943553,0
-0.553634791895,-0.0111388414495,0
-0.565548667944,-0.0119138760488,0
-0.578148749653,-0.0126000817092,2
-0.589341530262,-0.0111927806088,2
-0.599044430657,-0.00970290039556,2
-0.55258169379,0.0,1
-0.552364595691,0.00021709809826,2
-0.550932021626,0.00143257406578,2
-0.548294677872,0.00263734375374,2
-0.544472284249,0.00382239362289,0
-0.541493441606,0.00297884264293,0
-0.539380453424,0.00211298818238,1
-0.537149146872,0.00223130655171,0
-0.535816240524,0.00133290634836,1
-0.534391723703,0.00142451682054,0
-0.533886273915,0.000505449788045,1
-0.533303680138,0.000582593777534,1
-0.532648309859,0.000655370278861,0
-0.53292507641,-0.00027676655129,0
-0.534131904831,-0.00120682842085,2
-0.534259747929,-0.000127843097893,2
-0.533307647365,0.000952100563803,1
-0.532282740558,0.00102490680672,1
-0.531192711381,0.0010900291769,1
-0.530045732613,0.00114697876873,0
-0.529850404681,0.000195327931883,0
-0.530608192279,-0.000757787598681,2
-0.530313413127,0.000294779152169,0
-0.530968277599,-0.000654864472104,1
-0.531567875309,-0.000599597709623,2
-0.531107710464,0.000460164844857,0
-0.531591233371,-0.000483522906605,1
-0.532014818588,-0.000423585216871,0
-0.533375290188,-0.00136047160044,0
-0.535662448441,-0.00228715825303,0
-0.538859148898,-0.00319670045651,1
-0.541941436531,-0.00308228763306,1
-0.544886223625,-0.00294478709433,0
-0.54867146336,-0.00378523973539,1
-0.552268835206,-0.00359737184599,0
-0.556651446625,-0.00438261141833,2
-0.559786569041,-0.00313512241617,1
-0.562650815829,-0.00286424678827,0
-0.56622284187,-0.00357202604061,0
-0.5704760579,-0.00425321603017,0
-0.575378852051,-0.00490279415102,2
-0.5788948556,-0.00351600354882,1
-0.581998038043,-0.00310318244301,0
-0.585665463234,-0.00366742519145,0
-0.58987007346,-0.00420461022614,0
-0.594580916866,-0.00471084340598,1
-0.598763408561,-0.00418249169503,2
-0.601386930795,-0.00262352223346,2
-0.602432322793,-0.00104539199814,0
-0.603891959495,-0.00145963670251,0
-0.605755204007,-0.00186324451168,1
-0.607008494842,-0.00125329083443,0
-0.60864272071,-0.00163422586811,2
-0.608646014131,-3.29342147295e-06,1
-0.608018351205,0.000627662926237,1
-0.606764288126,0.00125406307857,0
-0.605892934755,0.000871353370899,2
-0.603410625996,0.00248230875988,1
-0.600335431441,0.00307519455495,1
-0.596689781994,0.00364564944703,0
-0.59350033228,0.00318944971392,2
-0.588790454943,0.00470987733625,2
-0.582594751001,0.0061957039428,1
-0.575958883668,0.00663586733273,2
-0.567931928465,0.00802695520287,0
-0.560573454002,0.00735847446253,0
-0.553938237779,0.00663521622322,1
-0.547075789638,0.00686244814141,1
-0.540037409428,0.00703838020972,2
-0.531875789433,0.00816161999488,0
-0.524652098214,0.00722369121953,2
-0.516420507088,0.008231591126,2
-0.507242748815,0.0091777582732,1
-0.498187611523,0.00905513729143,0
-0.490322873418,0.00786473810489,0
-0.483707290269,0.00661558314875,2
-0.476390179616,0.00731711065365,0
-0.470425950989,0.00596422862678,0
-0.465858829393,0.00456712159581,2
-0.460722595024,0.00513623436959,1
-0.456055140504,0.00466745451971,1
-0.451890803741,0.00416433676322,1
-0.448260138201,0.00363066554009,2
-0.444189714041,0.00407042415996,0
-0.441709240508,0.0024804735326,2
-0.438836779249,0.00287246125897,2
-0.435593204046,0.00324357520346,1
-0.433002029293,0.00259117475251,0
-0.432081995512,0.000920033781259,1
-0.431839747095,0.000242248417126,0
-0.433277032679,-0.00143728558439,0
-0.436383472193,-0.00310643951358,1
-0.440136588692,-0.00375311649882,1
-0.444509151401,-0.00437256270943,2
-0.448469336349,-0.00396018494803,0
-0.453988233485,-0.00551889713591,0
-0.461025423251,-0.00703718976657,0
-0.469529161749,-0.00850373849761,0
-0.479436646359,-0.00990748460968,0
-0.490674378835,-0.0112377324764,2
-0.45043646011,0.0,0
-0.451980782377,-0.00154432226686,2
-0.453058116563,-0.00107733418587,1
-0.454660565671,-0.00160244910761,2
-0.455776373421,-0.00111580775009,2
-0.456397346728,-0.000620973307774,2
-0.456518923492,-0.000121576763142,1
-0.457140210319,-0.000621286827084,0
-0.459256640727,-0.00211643040827,2
-0.460852646054,-0.00159600532752,1
-0.462916473114,-0.00206382706003,2
-0.464432907759,-0.00151643464492,2
-0.465390760025,-0.000957852266064,1
-0.466782957077,-0.00139219705137,2
-0.467599212472,-0.000816255395135,2
-0.467833491743,-0.000234279270919,0
-0.469484062429,-0.00165057068653,1
-0.471538713029,-0.00205465059965,2
-0.472982228705,-0.00144351567607,1
-0.474803911249,-0.00182168254361,1
-0.476990249677,-0.00218633842803,0
-0.480525014097,-0.00353476442011,0
-0.485381933414,-0.00485691931707,0
-0.491524851522,-0.0061429181078,2
-0.496907953031,-0.00538310150946,2
-0.501491021865,-0.00458306883368,2
-0.50523977732,-0.00374875545462,2
-0.508126155657,-0.0028863783378,2
-0.510128536977,-0.00200238131987,2
-0.511231917592,-0.00110338061522,1
-0.512428028366,-0.00119611077373,1
-0.513707904063,-0.00127987569694,0
-0.516061950411,-0.00235404634823,2
-0.517472518132,-0.00141056772091,1
-0.518929030198,-0.0014565120653,0
-0.521420564208,-0.00249153401022,0
-0.524928434687,-0.00350787047938,0
-0.52942633275,-0.00449789806266,0
-0.53488052636,-0.00545419361044,1
-0.540250122993,-0.00536959663287,1
-0.545494886454,-0.00524476346078,1
-0.550575547159,-0.00508066070485,0
-0.556454102867,-0.00587855570857,0
-0.563086642425,-0.00663253955754,2
-0.568423715193,-0.00533707276783,2
-0.572425613236,-0.00400189804357,0
-0.577062618162,-0.00463700492584,1
-0.581300361285,-0.00423774312281,0
-0.586107500583,-0.00480713929782,2
-0.589448567348,-0.00334106676559,2
-0.591298966711,-0.00185039936253,1
-0.592645098225,-0.00134613151436,0
-0.594477077558,-0.00183197933279,2
-0.594781466409,-0.000304388851208,1
-0.594556033498,0.000225432911196,2
-0.592802431287,0.00175360221082,1
-0.590533522179,0.00226890910861,2
-0.586765969383,0.00376755279598,2
-0.581527493031,0.00523847635177,0
-0.576856734925,0.0046707581057,1
-0.571788239398,0.00506849552749,1
-0.566359580528,0.00542865887001,2
-0.559611094507,0.00674848602049,0
-0.553593041207,0.00601805329984,2
-0.546350334368,0.00724270683894,2
-0.537937123299,0.00841321106969,2
-0.528416407781,0.00952071551781,1
-0.51885956128,0.00955684650127,0
-0.510338257688,0.00852130359136,2
-0.500916381751,0.00942187593711,2
-0.490664492512,0.0102518892391,2
-0.479659208711,0.0110052838006,1
-0.468982518115,0.0106766905968,2
-0.457713619094,0.0112688990208,1
-0.44693564755,0.0107779715435,1
-0.436727593975,0.0102080535755,1
-0.427163723967,0.00956387000775,1
-0.418313069772,0.0088506541951,1
-0.410238993831,0.0080740759413,0
-0.403998822625,0.00624017120569,1
-0.398636528348,0.00536229427663,1
-0.394189651919,0.00444687642895,2
-0.389689146236,0.00450050568376,0
-0.387166165979,0.00252298025651,0
-0.386638098858,0.00052806712152,2
-0.386108576989,0.00052952186875,1
-0.38658123998,-0.000472662991335,0
-0.389052839158,-0.00247159917795,1
-0.392506354342,-0.00345351518413,2
-0.395917913374,-0.00341155903151,0
-0.401263833132,-0.00534591975859,1
-0.407506806223,-0.00624297309055,0
-0.415602973648,-0.00809616742496,0
-0.425495013665,-0.00989204001681,1
-0.436112255727,-0.0106172420618,1
-0.447378139453,-0.011265883726,0
-0.460210709341,-0.0128325698886,2
-0.472515829571,-0.0123051202294,0
-0.486202574038,-0.0136867444676,2
-0.499169202039,-0.0129666280005,0
-0.54853285035,0.0,1
-0.548346019135,0.000186831215119,2
-0.54697375405,0.00137226508524,2
-0.544426320274,0.00254743377569,0
-0.542722781534,0.0017035387401,0
-0.541875891421,0.00084689011308,2
-0.539891991616,0.00198389980492,1
-0.537785941345,0.00210605027077,2
-0.534573519453,0.00321242189205,2
-0.530278801852,0.00429471760092,1
-0.525933987408,0.00434481444448,1
-0.521571659018,0.00436232838979,0
-0.518224533909,0.00334712510915,0
-0.515917713866,0.0023068200427,0
-0.514668496688,0.00124921717776,1
-0.513486248591,0.00118224809777,2
-0.511379832812,0.00210641577875,1
-0.509365038582,0.00201479423007,0
-0.50845696494,0.000908073641612,2
-0.506662415827,0.00179454911348,0
-0.505994834766,0.000667581060983,2
-0.504459221896,0.00153561286987,1
-0.503067076815,0.00139214508065,0
-0.502828822123,0.000238254691761,1
-0.502746241303,8.25808207996e-05,1
-0.502819952502,-7.37111995924e-05,1
-0.503049403966,-0.000229451463563,2
-0.502432878113,0.000616525852748,1
-0.501974989838,0.000457888275089,1
-0.501679166231,0.000295823606986,2
-0.500547621238,0.00113154499273,1
-0.499588822142,0.000958799096164,1
-0.498809942024,0.000778880118428,1
-0.49821680684,0.000593135183714,2
-0.496813852513,0.00140295432683,2
-0.494611568995,0.002202283518,0
-0.493626415617,0.000985153378176,1
-0.49286575215,0.000760663467093,2
-0.491335259933,0.00153049221652,1
-0.490046366439,0.00128889349439,2
-0.488008691292,0.0020376751466,2
-0.485237434913,0.00277125637898,2
-0.481753253922,0.00348418099133,0
-0.479582090666,0.00217116325637,1
-0.477740093972,0.00184199669386,2
-0.475240953448,0.00249914052407,1
-0.473103225736,0.00213772771205,2
-0.470342767831,0.00276045790478,1
-0.467980032898,0.00236273493327,1
-0.466032505625,0.00194752727217,2
-0.463514582442,0.00251792318303,1
-0.461444854425,0.00206972801696,0
-0.460838584301,0.000606270124846,0
-0.461700239508,-0.000861655207444,1
-0.463023470284,-0.00132323077633,1
-0.464798519404,-0.00177504911996,2
-0.466012286875,-0.00121376747078,2
-0.466655807819,-0.000643520944039,1
-0.467724326877,-0.00106851905743,1
-0.469209944633,-0.00148561775654,1
-0.471101671017,-0.00189172638367,1
-0.473385500061,-0.00228382904458,0
-0.477044505966,-0.0036590059043,1
-0.481051534907,-0.00400702894104,2
-0.484376802362,-0.0033252674555,0
-0.488995556288,-0.00461875392607,1
-0.493873368486,-0.00487781219738,2
-0.497973825868,-0.00410045738284,0
-0.503266281134,-0.00529245526567,1
-0.508711135562,-0.00544485442803,1
-0.514267610172,-0.00555647461011,1
-0.519894059383,-0.00562644921087,1
-0.525548293394,-0.00565423401046,0
-0.532187906104,-0.00663961271035,2
-0.537763107464,-0.00557520135986,1
-0.543232108302,-0.00546900083784,0
-0.54955394427,-0.00632183596799,0
-0.556681313122,-0.00712736885226,2
-0.562560970075,-0.00587965695268,0
-0.569149075514,-0.00658810543963,0
-0.57639661594,-0.00724754042561,2
-0.582249826261,-0.00585321032101,0
-0.588665419951,-0.00641559368996,0
-0.595596106953,-0.00693068700258,2
-0.600991002761,-0.0053948958077,0
-0.60681065771,-0.00581965494918,2
-0.611012685369,-0.00420202765906,1
-0.614566597306,-0.00355391193691,1
-0.617446687784,-0.00288009047777,1
-0.619632180924,-0.00218549314003,1
-0.62110734593,-0.00147516500561,0
-0.622861582041,-0.00175423611174,1
-0.623882301448,-0.00102071940684,2
-0.623162189136,0.000720112311744,2
-0.620706405093,0.00245578404326,2
-0.616532571989,0.00417383310404,2
-0.610670730088,0.00586184190122,1
-0.604163249787,0.00650748030084,2
-0.59605740156,0.00810584822699,1
-0.587412383332,0.00864501822843,2
-0.429331525205,0.0,2
-0.429029143202,0.000302382003549,1
-0.429426556687,-0.000397413485066,1
-0.430520903715,-0.0010943470288,0
-0.433304298318,-0.00278339460288,0
-0.437756649817,-0.00445235149885,0
-0.443845724525,-0.00608907470803,2
-0.449527256605,-0.00568153207965,2
-0.454759764351,-0.00523250774639,2
-0.459504902582,-0.00474513823049,0
-0.465727788215,-0.00622288563305,0
-0.473382529142,-0.00765474092697,0
-0.482412468958,-0.00902993981624,2
-0.490750520695,-0.00833805173657,1
-0.499334535797,-0.00858401510225,0
-0.509100372027,-0.00976583622975,1
-0.518974912001,-0.00987453997408,2
-0.52788412984,-0.00890921783891,0
-0.537761208407,-0.00987707856744,2
-0.546532100683,-0.0087708922755,1
-0.55513112868,-0.00859902799706,2
-0.562494016584,-0.00736288790433,2
-0.568565851706,-0.00607183512193,0
-0.575301455734,-0.00673560402852,1
-0.581650842654,-0.00634938691962,0
-0.588567036662,-0.00691619400811,2
-0.593999047866,-0.00543201120347,2
-0.597906973606,-0.00390792574041,1
-0.601262192372,-0.00335521876648,2
-0.603040191123,-0.00177799875096,0
-0.605228003448,-0.00218781232471,1
-0.606809697371,-0.00158169392252,2
-0.606773770982,3.59263883177e-05,0
-0.607120485383,-0.000346714400327,0
-0.607847321082,-0.000726835698905,1
-0.607948998519,-0.000101677437294,2
-0.60642477937,0.00152421914842,0
-0.605285737723,0.00113904164725,1
-0.603540157595,0.00174558012846,0
-0.602200747944,0.00133940965115,2
-0.599277271603,0.00292347634036,0
-0.596791070062,0.0024862015411,2
-0.592760326808,0.00403074325395,0
-0.589214585663,0.00354574114512,2
-0.584179897967,0.00503468769601,0
-0.579693349018,0.00448654894907,0
-0.575788073665,0.00390527535296,1
-0.571492975796,0.00429509786909,2
-0.565839906101,0.00565306969461,0
-0.560870875176,0.00496903092567,1
-0.55562288565,0.00524798952559,0
-0.551135084602,0.00448780104758,1
-0.54644099605,0.00469408855245,0
-0.542575724894,0.00386527115624,1
-0.538568203489,0.00400752140517,2
-0.533448449107,0.00511975438109,0
-0.529254832925,0.00419361618264,2
-0.524018798348,0.00523603457701,2
-0.517779613601,0.0062391847468,1
-0.511584070352,0.00619554324862,2
-0.504478617883,0.00710545246957,1
-0.497516487972,0.00696212991076,1
-0.490749775666,0.00676671230581,1
-0.484229032287,0.00652074337952,1
-0.478002875961,0.00622615632559,1
-0.472117623456,0.00588525250502,0
-0.467616946461,0.00450067699516,0
-0.464534162209,0.00308278425236,2
-0.46089204808,0.00364211412858,0
-0.458717465386,0.00217458269437,1
-0.457026425695,0.0016910396902,1
-0.455831366037,0.00119505965839,0
-0.456141067993,-0.000309701955765,2
-0.455953256417,0.000187811575371,2
-0.455269311072,0.000683945345469,0
-0.456094255218,-0.000824944145774,1
-0.457422029758,-0.00132777454045,1
-0.459242875928,-0.00182084616957,2
-0.460543398335,-0.00130052240712,0
-0.46331402066,-0.00277062232536,1
-0.466534317913,-0.00322029725298,2
-0.469180511163,-0.00264619324954,2
-0.471233030857,-0.00205251969407,0
-0.474676680176,-0.00344364931871,2
-0.47748592938,-0.00280924920397,1
-0.480639922877,-0.00315399349697,2
-0.483115216621,-0.00247529374431,2
-0.484893391179,-0.00177817455782,2
-0.48596120423,-0.0010678130516,0
-0.488310699634,-0.00234949540414,1
-0.490924361533,-0.00261366189862,2
-0.492782689283,-0.00185832775019,0
-0.495871808602,-0.00308911931915,2
-0.498168640451,-0.0022968318488,1
-0.500656013356,-0.00248737290482,2
-0.50231532115,-0.00165930779444,0
-0.505134146413,-0.00281882526259,2
-0.507091385582,-0.00195723916934,2
-0.508172379579,-0.00108099399633,2
-0.50836903025,-0.000196650671289,0
-0.442219856874,0.0,2
-0.441824153797,0.000395703076347,2
-0.441035626986,0.000788526811402,0
-0.441860011615,-0.000824384629135,0
-0.444291311624,-0.00243130000915,1
-0.447311821771,-0.00302051014725,0
-0.451899502506,-0.00458768073466,2
-0.456020790727,-0.00412128822067,2
-0.459645449054,-0.00362465832698,0
-0.464746820069,-0.00510137101478,1
-0.470287291157,-0.00554047108819,0
-0.477225895987,-0.0069386048302,1
-0.484511176624,-0.00728528063679,0
-0.493088942869,-0.00857776624522,1
-0.501895213493,-0.00880627062365,1
-0.510864145844,-0.00896893235118,2
-0.518928564686,-0.00806441884271,1
-0.527028008965,-0.00809944427862,2
-0.534101734447,-0.00707372548204,0
-0.542096700771,-0.00799496632432,0
-0.550953003853,-0.00885630308137,0
-0.560604380409,-0.00965137655588,0
-0.570978784683,-0.0103744042738,0
-0.58199903425,-0.0110202495671,2
-0.591583519208,-0.00958448495833,0
-0.601661646224,-0.0100781270159,1
-0.611159638684,-0.00949799245995,2
-0.619008451016,-0.00784881233209,1
-0.626151421628,-0.00714297061205,2
-0.631537323796,-0.00538590216795,1
-0.636127760446,-0.00459043665067,2
-0.638890169063,-0.00276240861673,0
-0.641805029636,-0.00291486057266,2
-0.642851808024,-0.00104677838861,2
-0.642023146171,0.00082866185337,1
-0.640324868231,0.00169827793965,2
-0.636768927113,0.00355594111815,2
-0.631380422168,0.00538850494549,0
-0.626197567397,0.00518285477088,1
-0.620257314347,0.00594025305033,2
-0.612602239148,0.00765507519892,1
-0.604287541572,0.00831469757519,2
-0.594373571019,0.00991397055317,2
-0.582932768825,0.0114408021939,1
-0.571049307937,0.0118834608881,0
-0.55981116876,0.0112381391772,2
-0.547301970544,0.0125091982161,2
-0.533615148149,0.0136868223949,2
-0.518853214265,0.0147619338842,1
-0.504126870888,0.0147263433765,0
-0.490546483754,0.0135803871343,2
-0.476213582792,0.014332900962,2
-0.461234875022,0.0149787077695,2
-0.445721172601,0.0155137024218,1
-0.430786253068,0.0149349195332,1
-0.416538467854,0.0142477852139,1
-0.403079900928,0.013458566926,1
-0.390505660615,0.0125742403126,0
-0.379903306487,0.0106023541276,1
-0.370345597518,0.00955770896942,1
-0.361897220109,0.00844837740895,2
-0.353614595082,0.00828262502721,1
-0.346552309623,0.00706228545913,0
-0.341756314397,0.00479599522556,0
-0.339257491668,0.0024988227293,2
-0.337071825796,0.00218566587139,0
-0.337213237484,-0.000141411688075,1
-0.338680827788,-0.00146759030377,1
-0.341465253281,-0.00278442549293,0
-0.346548716886,-0.00508346360462,0
-0.353898493957,-0.00734977707138,1
-0.362466751821,-0.00856825786386,2
-0.371196981697,-0.00873022987602,1
-0.381030817203,-0.00983383550584,2
-0.390901609225,-0.00987079202219,2
-0.400741550718,-0.00983994149333,0
-0.412482200704,-0.0117406499852,2
-0.424040876154,-0.0115586754499,1
-0.43633518381,-0.0122943076567,1
-0.449276518282,-0.012941334472,0
-0.463770662563,-0.0144941442811,2
-0.477711112394,-0.0139404498309,1
-0.491994633702,-0.0142835213074,2
-0.505514831105,-0.0135201974035,1
-0.51917059157,-0.0136557604648,1
-0.532859562438,-0.0136889708682,1
-0.54647908634,-0.0136195239016,1
-0.559927142632,-0.0134480562922,0
-0.574103275225,-0.0141761325934,0
-0.588902071657,-0.0147987964317,2
-0.602214220343,-0.013312148686,2
-0.613942204094,-0.0117279837505,0
-0.626000877209,-0.0120586731152,1
-0.637303558025,-0.0113026808158,2
-0.646769895238,-0.00946633721337,2
-0.65433332825,-0.00756343301243,0
-0.661941197079,-0.00760786882852,2
-0.667541028707,-0.00559983162759,0
-0.673094533915,-0.00555350520858,1
-0.677564031853,-0.0044694979384,2
