-0.493625334271,0.0,0
-0.49484983226,-0.00122449798841,1
-0.496289680111,-0.00143984785102,0
-0.498934117129,-0.00264443701801,1
-0.501763370329,-0.00282925320064,1
-0.504756271973,-0.00299290164387,2
-0.506890417145,-0.00213414517237,0
-0.510149822538,-0.00325940539219,2
-0.512510067714,-0.00236024517595,0
-0.515953462861,-0.00344339514699,0
-0.520454192826,-0.00450072996532,0
-0.525978506812,-0.0055243139863,2
-0.530484972966,-0.0045064661538,1
-0.534939796313,-0.00445482334706,2
-0.538309578414,-0.00336978210076,2
-0.540569065305,-0.00225948689089,0
-0.543701329998,-0.00313226469293,1
-0.546682916908,-0.00298158690991,1
-0.549491511111,-0.0028085942034,1
-0.552106105032,-0.00261459392099,1
-0.554507154516,-0.00240104948358,0
-0.5576767232,-0.00316956868483,1
-0.560591152264,-0.00291442906331,0
-0.564228707646,-0.00363755538182,0
-0.568562292531,-0.00433358488599,1
-0.572559672775,-0.00399738024388,2
-0.575191165252,-0.00263149247658,0
-0.578437257889,-0.00324609263702,2
-0.580273914677,-0.00183665678795,0
-0.582687552965,-0.00241363828832,1
-0.584660342739,-0.00197278977352,1
-0.586177727741,-0.0015173850019,2
-0.586228522751,-5.07950102768e-05,0
-0.586812353506,-0.000583830755336,1
-0.586924919057,-0.000112565550858,1
-0.586565390324,0.00035952873282,1
-0.585736415533,0.000828974790885,0
-0.585444102844,0.000292312689764,2
-0.583690606796,0.00175349604716,0
-0.582488859226,0.00120174757032,2
-0.57984773007,0.00264112915618,2
-0.575786733053,0.00406099701674,0
-0.572335923452,0.00345080960125,2
-0.567520886216,0.00481503723612,0
-0.563377385563,0.00414350065323,0
-0.559936252942,0.00344113262102,0
-0.5572231287,0.00271312424166,1
-0.554258249268,0.00296487943199,1
-0.551063747871,0.00319450139656,2
-0.546663492176,0.00440025569575,0
-0.54309038911,0.00357310306569,0
-0.540371182238,0.0027192068715,1
-0.537526235391,0.00284494684708,0
-0.535576862986,0.00194937240555,1
-0.533537674257,0.0020391887285,2
-0.530423954833,0.0031137194239,2
-0.526259050142,0.00416490469144,0
-0.523074193603,0.00318485653871,1
-0.519893271428,0.00318092217537,1
-0.516740139961,0.00315313146649,1
-0.513638444633,0.00310169532879,1
-0.51061144067,0.0030270039627,2
-0.506681817077,0.00392962359295,2
-0.501879016215,0.00480280086226,2
-0.496238998302,0.00564001791275,0
-0.491803948392,0.00443504990952,2
-0.486606998257,0.00519695013562,1
-0.481686917335,0.00492008092141,0
-0.478080347752,0.00360656958346,1
-0.474814106369,0.00326624138313,2
-0.470912445224,0.00390166114449,0
-0.468404288307,0.00250815691755,0
-0.467308200991,0.00109608731629,2
-0.465632289249,0.00167591174178,0
-0.465388938258,0.000243350990548,0
-0.466579945508,-0.00119100725022,0
-0.469196511547,-0.00261656603815,0
-0.473219285622,-0.00402277407495,0
-0.478618469,-0.00539918337876,0
-0.485353981799,-0.00673551279906,2
-0.491375701649,-0.00602171984959,0
-0.498638718326,-0.00726301667674,2
-0.505088760541,-0.00645004221527,1
-0.511677556534,-0.00658879599268,1
-0.518355742611,-0.00667818607725,1
-0.525073249814,-0.00671750720324,0
-0.532779698497,-0.00770644868268,1
-0.540417298963,-0.00763760046647,1
-0.547928814018,-0.00751151505442,1
-0.555258015765,-0.0073292017477,0
-0.563350130039,-0.00809211427377,1
-0.571144815309,-0.00779468526958,2
-0.577584113244,-0.0064392979351,0
-0.584620288854,-0.00703617561023,1
-0.591201355074,-0.00658106621984,2
-0.596278870507,-0.00507751543314,0
-0.60181559413,-0.00553672362286,2
-0.605771060167,-0.00395546603699,0
-0.6101164572,-0.00434539703304,1
-0.61382023275,-0.00370377555002,2
-0.549719418599,0.0,2
-0.54852371421,0.00119570438879,1
-0.547141246936,0.0013824672744,0
-0.546582357884,0.000558889051912,1
-0.545851228518,0.000731129365675,1
-0.544953329689,0.000897898828871,0
-0.544895381235,5.79484540893e-05,2
-0.54367781688,0.00121756435504,2
-0.54130975077,0.00236806610989,2
-0.537808914838,0.00350083593251,2
-0.533201535139,0.0046073796987,1
-0.528522144705,0.0046793904338,2
-0.522805830346,0.00571631435954,2
-0.51609546307,0.00671036727575,2
-0.508441365886,0.00765409718405,2
-0.499900910102,0.00854045578383,2
-0.490538038627,0.00936287147491,0
-0.482422716352,0.00811532227539,1
-0.474615429727,0.00780728662474,2
-0.466174197421,0.008441232306,2
-0.457161522285,0.00901267513617,1
-0.448643834055,0.00851768822938,2
-0.439683582306,0.00896025174953,1
-0.431346067795,0.00833751451079,0
-0.424691649731,0.00665441806409,2
-0.417768197758,0.00692345197325,2
-0.41062520738,0.00714299037775,0
-0.405313390471,0.0053118169093,2
-0.399870212277,0.0054431781937,0
-0.396333835655,0.00353637662196,0
-0.394728925675,0.00160490998,2
-0.39306664164,0.00166228403541,0
-0.393358518746,-0.000291877106087,2
-0.393602533261,-0.000244014514909,2
-0.393796992747,-0.000194459486438,2
-0.393940548107,-0.000143555360004,0
-0.396032203192,-0.00209165508495,0
-0.400057423893,-0.00402522070134,0
-0.405988137557,-0.00593071366424,1
-0.412782742851,-0.00679460529368,2
-0.419393243294,-0.00661050044282,0
-0.427772617393,-0.00837937409876,1
-0.436860829197,-0.00908821180465,2
-0.445592258997,-0.00873142979983,2
-0.453903412227,-0.00831115322952,2
-0.461733480408,-0.0078300681815,1
-0.470024879136,-0.00829139872741,0
-0.479716354454,-0.0096914753187,0
-0.490735998097,-0.0110196436428,0
-0.503001713497,-0.0122657153993,0
-0.516421808577,-0.0134200950805,2
-0.528895726751,-0.0124739181744,2
-0.540329919464,-0.0114341927127,0
-0.552638681281,-0.0123087618172,0
-0.565729919212,-0.0130912379305,0
-0.579506014216,-0.0137760950037,1
-0.592864768045,-0.0133587538293,2
-0.604707757499,-0.0118429894544,0
-0.616948414719,-0.0122406572202,0
-0.629498065288,-0.0125496505689,1
-0.641266764695,-0.011768699407,0
-0.65317116885,-0.0119044041545,2
-0.663128068978,-0.00995690012814,1
-0.672068792466,-0.00894072348838,1
-0.679932446054,-0.007863653588,1
-0.68666611116,-0.00673366510561,0
-0.693224972159,-0.00655886099891,0
-0.699565837569,-0.00634086541032,0
-0.705647399586,-0.00608156201668,1
-0.710430467562,-0.00478306797585,1
-0.713884521567,-0.00345405400489,2
-0.714987691672,-0.00110317010539,1
-0.714733023419,0.000254668253334,0
-0.714122120935,0.000610902483679,0
-0.713158835457,0.000963285478527,1
-0.710849248926,0.00230958653091,2
-0.70620798919,0.0046412597359,1
-0.700264644435,0.0059433447548,1
-0.69305747149,0.007207172945,1
-0.684633400187,0.00842407130315,0
-0.676048003716,0.00858539647064,0
-0.66735868241,0.00868932130603,0
-0.658624276897,0.00873440551304,1
-0.648904648699,0.00971962819837,2
-0.637267204934,0.0116374437647,1
-0.624793674511,0.0124735304232,1
-0.611572786857,0.0132208876537,0
-0.598699727256,0.0128730596014,0
-0.586268163721,0.0124315635342,1
-0.573369343861,0.0128988198607,2
-0.559098630173,0.0142707136876,0
-0.545562170597,0.0135364595761,2
-0.530861104726,0.0147010658714,2
-0.515105575695,0.0157555290309,1
-0.499413738771,0.0156918369237,1
-0.48390313052,0.0155106082506,1
-0.468689536417,0.0152135941033,2
-0.452885901665,0.015803634752,0
-0.438608644563,0.0142772571026,0
-0.425961929358,0.012646715205,1
-0.59441320195,0.0,0
-0.594886079756,-0.000472877805733,2
-0.593828369048,0.00105771070858,2
-0.591247824592,0.00258054445562,0
-0.589163387976,0.00208443661583,2
-0.585590381382,0.00357300659376,2
-0.580555113215,0.00503526816699,2
-0.574094748121,0.00646036509425,1
-0.567257110086,0.00683763803517,1
-0.560092969908,0.007164140178,0
-0.553655669739,0.00643730016878,0
-0.547993248222,0.00566242151756,0
-0.543148031431,0.00484521679068,2
-0.537156279258,0.00599175217282,2
-0.53006287384,0.00709340541815,1
-0.522920990724,0.0071418831164,1
-0.51578419099,0.00713679973335,0
-0.509705995273,0.00607819571735,0
-0.504731965244,0.00497403002845,2
-0.498899360753,0.00583260449104,1
-0.493251832403,0.00564752834989,1
-0.487831591847,0.0054202405564,2
-0.481679090703,0.00615250114434,0
-0.476840159133,0.00483893157012,1
-0.472350768212,0.00448939092058,1
-0.468244224935,0.00410654327742,1
-0.464550935266,0.00369328966811,1
-0.461298191893,0.0032527433731,1
-0.45850998727,0.00278820462341,2
-0.455206852259,0.00330313501133,2
-0.451413065363,0.00379378689551,2
-0.44715644959,0.00425661577306,0
-0.44446813925,0.00268831034038,1
-0.442367750117,0.0021003891327,2
-0.439870581541,0.00249716857601,1
-0.437994791819,0.00187578972155,1
-0.436753997979,0.00124079384056,1
-0.436157196361,0.000596801617842,1
-0.436208710889,-5.1514528187e-05,0
-0.437908168414,-0.00169945752496,2
-0.439243250168,-0.0013350817537,2
-0.44020426701,-0.000961016841652,0
-0.44278423829,-0.00257997128036,1
-0.445964398289,-0.00318015999894,1
-0.44972156639,-0.00375716810106,0
-0.455028288574,-0.00530672218387,0
-0.461845669938,-0.00681738136414,0
-0.470123554851,-0.00827788491264,2
-0.477800785807,-0.00767723095651,1
-0.48582042204,-0.00801963623278,2
-0.493122789743,-0.00730236770297,1
-0.500653409034,-0.00753061929127,2
-0.507355982701,-0.00670257366704,0
-0.515180329111,-0.00782434640977,2
-0.522067807158,-0.0068874780467,0
-0.529966767427,-0.00789896026963,1
-0.537817970663,-0.00785120323596,1
-0.545562562276,-0.00774459161282,1
-0.553142544662,-0.00757998238629,0
-0.561501238768,-0.00835869410606,0
-0.570576276573,-0.00907503780513,0
-0.580300148296,-0.00972387172225,0
-0.590600807605,-0.0103006593089,0
-0.601402328736,-0.010801521131,0
-0.612625607278,-0.011223278542,1
-0.623189094395,-0.010563487117,0
-0.634016716928,-0.0108276225331,2
-0.643031267101,-0.0090145501732,2
-0.650169116436,-0.00713784933496,1
-0.656380335544,-0.00621121910807,1
-0.661621821755,-0.00524148621144,1
-0.665857463194,-0.00423564143832,2
-0.668058259151,-0.00220079595689,1
-0.669209206824,-0.00115094767325,1
-0.669302478399,-9.32715752932e-05,0
-0.66933744007,-3.49616706818e-05,1
-0.668313854283,0.00102358578699,2
-0.665238680777,0.00307517350624,1
-0.661132888175,0.00410579260163,1
-0.656024608989,0.00510827918585,0
-0.650949056519,0.00507555247041,0
-0.645941443465,0.00500761305338,1
-0.640036722998,0.00590472046713,1
-0.633276369609,0.0067603533893,2
-0.6247081966,0.00856817300883,1
-0.615393278153,0.00931491844658,2
-0.604398569671,0.0109947084826,2
-0.591803779811,0.0125947898602,1
-0.578701014404,0.013102765407,2
-0.564186861812,0.0145141525919,2
-0.548369050242,0.0158178115701,0
-0.533365632544,0.0150034176973,1
-0.518288973901,0.0150766586435,1
-0.503252137086,0.0150368368149,1
-0.488367805316,0.0148843317696,2
-0.472747214143,0.0156205911738,1
-0.457506532069,0.0152406820736,1
-0.44275830029,0.0147482317789,1
-0.428610446074,0.0141478542165,2
-0.414165401487,0.0144450445865,0
-0.420050649358,0.0,1
-0.42081482995,-0.000764180591385,0
-0.423337732096,-0.00252290214592,1
-0.426601304914,-0.0032635728187,1
-0.430582135375,-0.00398083046097,2
-0.434251571949,-0.00366943657363,0
-0.439583117243,-0.0053315452937,2
-0.444538129484,-0.00495501224149,0
-0.451080552715,-0.00654242323122,2
-0.457162582397,-0.00608202968213,0
-0.464739591193,-0.00757700879548,2
-0.471755753435,-0.00701616224252,0
-0.480159172682,-0.00840341924615,0
-0.489887467564,-0.00972829488274,0
-0.500868166476,-0.0109806989113,0
-0.513019212861,-0.0121510463852,1
-0.525249592646,-0.0122303797848,2
-0.536467591353,-0.0112179987076,0
-0.548589097916,-0.0121215065632,0
-0.56152335259,-0.0129342546737,1
-0.574173786181,-0.0126504335907,2
-0.585446360845,-0.0112725746638,1
-0.596257735507,-0.010811374662,0
-0.607528473119,-0.0112707376123,0
-0.61917636814,-0.0116478950213,0
-0.63111721339,-0.0119408452498,0
-0.643265580827,-0.0121483674374,0
-0.655535601891,-0.0122700210633,1
-0.666841732625,-0.0113061307344,0
-0.678106302509,-0.0112645698839,2
-0.687253117984,-0.00914681547556,2
-0.694221245009,-0.00696812702478,2
-0.698964856621,-0.00474361161222,0
-0.703453060638,-0.00448820401662,0
-0.707656862156,-0.00420380151767,2
-0.709549314669,-0.00189245251346,0
-0.71111835532,-0.00156904065055,2
-0.710354015067,0.000764340253238,2
-0.707261146537,0.00309286852934,0
-0.703859456728,0.00340168980941,1
-0.699170750419,0.00468870630882,1
-0.693225301369,0.00594544905027,1
-0.686061854574,0.00716344679508,0
-0.678727605966,0.00733424860716,0
-0.671271436804,0.00745616916223,1
-0.662743597525,0.00852783927934,0
-0.654202216864,0.00854138066128,0
-0.645706180762,0.00849603610152,1
-0.636314684423,0.00939149633904,2
-0.62509383738,0.0112208470429,2
-0.612123485135,0.0129703522455,0
-0.599496974609,0.0126265105259,2
-0.585306133517,0.0141908410917,1
-0.570655126118,0.0146510073989,1
-0.555652367138,0.0150027589803,2
-0.539409576545,0.0162427905929,1
-0.523048249404,0.0163613271404,2
-0.505691051209,0.0173571981958,2
-0.487468096349,0.0182229548597,1
-0.469515591279,0.0179525050704,2
-0.450966932762,0.0185486585162,0
-0.433958712729,0.0170082200337,0
-0.418614719171,0.0153439935572,2
-0.403045153098,0.0155695660733,1
-0.388360157393,0.014684995705,1
-0.374661853196,0.0136983041974,2
-0.361043777977,0.0136180752186,2
-0.347597113642,0.0134466643348,1
-0.335409976868,0.0121871367747,0
-0.325560463965,0.0098495129026,2
-0.316110389987,0.00945007397829,0
-0.309117915336,0.00699247465061,2
-0.302625323627,0.00649259170919,0
-0.298671285149,0.00395403847743,2
-0.295279065362,0.0033922197879,1
-0.293468448976,0.00181061638532,2
-0.292249929279,0.00121851969725,1
-0.29263054168,-0.000380612400936,0
-0.295608090914,-0.00297754923444,1
-0.30016533169,-0.00455724077562,1
-0.306275625879,-0.00611029418947,2
-0.312902802763,-0.00662717688349,2
-0.320007056067,-0.00710425330386,0
-0.329545065983,-0.00953800991669,1
-0.340457651798,-0.0109125858146,0
-0.353675726493,-0.0132180746947,0
-0.369113740584,-0.0154380140909,0
-0.386669358191,-0.017555617607,2
-0.404223306114,-0.0175539479235,0
-0.423653554357,-0.0194302482426,1
-0.443822210615,-0.0201686562581,0
-0.465583495574,-0.0217612849589,2
-0.486777701713,-0.0211942061386,1
-0.508247504629,-0.0214698029162,0
-0.530832401382,-0.0225848967536,1
-0.553363050201,-0.0225306488183,2
-0.574670763487,-0.0213077132865,0
-0.596596933758,-0.0219261702713,0
-0.618979983472,-0.0223830497135,0
-0.641657396288,-0.0226774128162,2
-0.509939009971,0.0,1
-0.510041429542,-0.000102419571009,0
-0.511245501177,-0.0012040716353,0
-0.513542201164,-0.00229669998696,0
-0.516914314018,-0.00337211285371,0
-0.521336556974,-0.00442224295553,1
-0.525775766439,-0.00443920946498,2
-0.529198648588,-0.00342288214975,2
-0.531579533666,-0.00238088507784,1
-0.533900568777,-0.0023210351107,0
-0.537144352738,-0.00324378396088,1
-0.540286572828,-0.00314222009053,1
-0.543303686715,-0.00301711388644,1
-0.546173099827,-0.00286941311282,1
-0.548873334898,-0.00270023507005,1
-0.551384192357,-0.00251085745968,1
-0.553686900433,-0.00230270807569,2
-0.554764253882,-0.00107735344928,2
-0.55460820664,0.000156047242133,1
-0.554219923975,0.000388282665344,1
-0.553602305571,0.000617618403706,1
-0.552759964427,0.000842341144333,2
-0.550699193236,0.00206077119041,0
-0.549435392753,0.00126380048309,0
-0.548978011609,0.000457381144228,0
-0.549330470044,-0.000352458435118,1
-0.549490132385,-0.000159662341234,0
-0.550455804753,-0.000965672368085,1
-0.551220267267,-0.00076446251342,0
-0.552777805591,-0.00155753832397,2
-0.553116780572,-0.000338974981193,2
-0.552234659746,0.000882120826172,1
-0.551138033862,0.00109662588425,0
-0.550835098428,0.000302935433117,0
-0.551328117797,-0.000493019369011,0
-0.552613406884,-0.00128528908693,0
-0.554681360924,-0.00206795403996,0
-0.557516533262,-0.00283517233761,2
-0.559097761159,-0.00158122789701,1
-0.560413249648,-0.00131548848919,0
-0.562453190557,-0.00203994090874,2
-0.563202382798,-0.000749192241582,0
-0.564655246299,-0.00145286350074,2
-0.564800964249,-0.000145717949582,1
-0.564638452071,0.000162512177374,0
-0.565168919346,-0.00053046727435,0
-0.566388418073,-0.00121949872756,2
-0.566287875147,0.000100542926157,1
-0.565868038449,0.000419836697871,2
-0.564132031221,0.00173600722854,2
-0.561092773203,0.00303925801801,1
-0.557772902805,0.00331987039816,0
-0.555197175215,0.00257572758969,0
-0.553384814403,0.00181236081211,2
-0.550349355478,0.00303545892465,1
-0.547113482489,0.00323587298949,1
-0.543701395436,0.00341208705218,0
-0.541138630111,0.00256276532509,0
-0.539444376575,0.0016942535365,2
-0.536631325785,0.00281305079006,0
-0.534720555769,0.00191077001599,1
-0.532726387877,0.00199416789153,2
-0.529663771448,0.00306261642887,2
-0.52555567006,0.00410810138796,1
-0.521432892048,0.00412277801212,0
-0.518326358049,0.00310653399979,0
-0.516259365532,0.002066992517,1
-0.514247414142,0.0020119513891,0
-0.513305588765,0.00094182537759,0
-0.51344095002,-0.000135361255446,2
-0.512652483177,0.000788466843284,0
-0.512946098772,-0.000293615595181,0
-0.514319595845,-0.00137349707239,1
-0.515762677777,-0.00144308193251,1
-0.51726452503,-0.00150184725315,1
-0.518813876304,-0.0015493512733,1
-0.520399113089,-0.00158523678557,1
-0.522008346975,-0.00160923388587,1
-0.52362950903,-0.00162116205528,2
-0.524250440585,-0.000620931554545,0
-0.525866484655,-0.00161604407026,2
-0.526465521039,-0.000599036383528,0
-0.528043057096,-0.00157753605777,1
-0.52958726203,-0.00154420493407,0
-0.532086555732,-0.00249929370183,2
-0.533522197962,-0.00143564222975,0
-0.535883425517,-0.00236122755506,0
-0.539152539053,-0.00326911353573,1
-0.542305041689,-0.00315250263626,2
-0.544317320958,-0.00201227926899,1
-0.546174311171,-0.00185699021251,1
-0.547862114276,-0.0016878031055,1
-0.549368102995,-0.00150598871854,0
-0.551681014214,-0.0023129112193,0
-0.554783557698,-0.00310254348372,2
-0.556652556344,-0.00186899864642,0
-0.559274057706,-0.00262150136225,0
-0.562628504965,-0.00335444725853,2
-0.564690897661,-0.00206239269596,1
-0.566445879448,-0.001754981787,2
-0.526574836543,0.0,2
-0.525552516383,0.00102232016055,0
-0.52551554325,3.69731325365e-05,2
-0.524464194439,0.0010513488107,2
-0.522406354995,0.00205783944472,0
-0.521357458685,0.00104889630926,2
-0.519325372126,0.00203208655908,1
-0.517325335215,0.002000036911,0
-0.51637234633,0.000952988885677,1
-0.515473551418,0.000898794911514,2
-0.513635689653,0.00183786176472,1
-0.511872539908,0.00176314974551,1
-0.510197318792,0.00167522111634,0
-0.509622581526,0.000574737265604,1
-0.509152635006,0.000469946520154,1
-0.508791000627,0.000361634378792,1
-0.508540388036,0.000250612590571,2
-0.507402674943,0.0011377130938,0
-0.507386384814,1.62901283981e-05,1
-0.507491639683,-0.000105254868628,1
-0.507717651065,-0.000226011381616,0
-0.509062725825,-0.0013450747602,1
-0.510516786408,-0.00145406058332,2
-0.511068936725,-0.000552150317332,0
-0.512715038705,-0.00164610198006,1
-0.514442754209,-0.00172771550356,2
-0.515239131238,-0.0007963770291,1
-0.516098199028,-0.00085906778973,2
-0.516013516395,8.46826330599e-05,1
-0.515985718296,2.77980987064e-05,2
-0.515015013163,0.000970705132788,1
-0.514108679134,0.000906334029465,2
-0.512273511213,0.00183516792093,2
-0.509523266434,0.0027502447788,2
-0.505878556605,0.00364470982947,2
-0.501366685829,0.00451187077607,0
-0.498021432132,0.00334525369663,2
-0.493867820324,0.00415361180822,2
-0.488936895147,0.00493092517692,2
-0.483265465827,0.00567142931953,2
-0.476895798722,0.0063696671052,0
-0.471875259064,0.00502053965853,1
-0.46724109091,0.00463416815348,0
-0.464027594488,0.00321349642168,2
-0.46025850745,0.00376908703831,0
-0.457961618724,0.00229688872583,0
-0.457153833557,0.000807785166745,2
-0.455841091821,0.00131274173623,1
-0.455033040258,0.000808051563412,2
-0.453735612988,0.00129742726945,2
-0.451958331691,0.0017772812977,1
-0.450714226819,0.00124410487122,1
-0.450012410755,0.000701816064764,2
-0.448858020586,0.00115439016838,1
-0.448259500826,0.000598519760202,2
-0.447221227105,0.00103827372135,1
-0.446750785693,0.000470441411503,2
-0.445851612119,0.000899173574476,0
-0.446530269671,-0.000678657552048,1
-0.447781805047,-0.00125153537642,1
-0.449597077483,-0.00181527243612,2
-0.450962814793,-0.00136573730997,2
-0.45186902074,-0.000906205946881,0
-0.454309057516,-0.00244003677563,2
-0.456265032779,-0.0019559752635,1
-0.458722583715,-0.00245755093546,2
-0.460663639992,-0.00194105627699,0
-0.464073910431,-0.00341027043933,1
-0.467928248412,-0.00385433798133,2
-0.47119817704,-0.00326992862709,0
-0.475859493474,-0.00466131643419,2
-0.479877631782,-0.00401813830831,1
-0.484222739263,-0.0043451074806,2
-0.487862480666,-0.00363974140334,1
-0.491769731146,-0.00390725048049,0
-0.496915336862,-0.00514560571594,0
-0.503260854701,-0.00634551783881,1
-0.509758812325,-0.00649795762371,0
-0.517360539852,-0.00760172752742,2
-0.524009051417,-0.00664851156446,0
-0.531654485913,-0.0076454344966,1
-0.539239508464,-0.00758502255023,2
-0.545707268558,-0.00646776009412,0
-0.553009336499,-0.00730206794117,2
-0.559091111317,-0.0060817748183,0
-0.565907196319,-0.00681608500178,0
-0.573406819466,-0.00749962314736,1
-0.580534270849,-0.00712745138308,0
-0.588236779347,-0.007702508498,1
-0.59545753531,-0.00722075596256,0
-0.603143515263,-0.00768597995267,2
-0.60923855579,-0.00609504052721,0
-0.615698340771,-0.00645978498146,2
-0.620476134241,-0.00477779346921,1
-0.624537533083,-0.00406139884214,0
-0.628853408127,-0.00431587504464,2
-0.631392926442,-0.00253951831509,0
-0.634138006011,-0.00274507956818,2
-0.635069153058,-0.000931147047832,0
-0.636179767656,-0.0011106145972,2
-0.483507185891,0.0,2
-0.482807148381,0.000700037510193,0
-0.483412285047,-0.000605136666042,0
-0.485318090805,-0.00190580575808,2
-0.486510371025,-0.00119228021959,1
-0.487980240693,-0.00146986966842,1
-0.489716741293,-0.00173650059947,1
-0.491706919792,-0.00199017849924,1
-0.493935922461,-0.00222900266962,0
-0.497387103022,-0.00345118056056,2
-0.500034668591,-0.00264756556878,1
-0.5028588178,-0.0028241492089,1
-0.505838416348,-0.00297959854824,1
-0.508951154575,-0.0031127382273,1
-0.512173714608,-0.00322256003315,2
-0.514481945822,-0.00230823121402,0
-0.517858544735,-0.00337659891286,2
-0.520278193252,-0.00241964851652,1
-0.522722745724,-0.00244455247222,1
-0.525173868413,-0.00245112268871,1
-0.527613177949,-0.00243930953656,1
-0.530022380196,-0.00240920224673,2
-0.53138340839,-0.00136102819406,0
-0.533686057145,-0.0023026487552,1
-0.535913062835,-0.00222700569022,2
-0.537047732378,-0.0011346695423,1
-0.538081562108,-0.00103382973067,1
-0.539006805112,-0.000925243003645,1
-0.539816529042,-0.000809723930168,2
-0.539504667803,0.00031186123923,0
-0.540073557639,-0.000568889835762,2
-0.539518936908,0.000554620730639,2
-0.537844960356,0.00167397655201,2
-0.535064169943,0.00278079041335,2
-0.531197406027,0.00386676391609,2
-0.526273657318,0.00492374870862,0
-0.522329847212,0.00394381010621,1
-0.518395554046,0.00393429316629,1
-0.514500283456,0.00389527058941,2
-0.509673243085,0.00482704037149,2
-0.50395061383,0.005722629255,2
-0.49737526047,0.00657535336016,1
-0.490996380662,0.00637887980739,1
-0.48486162915,0.00613475151208,1
-0.479016752742,0.00584487640851,2
-0.472505245541,0.00651150720052,2
-0.465375441028,0.00712980451254,1
-0.458680094446,0.00669534658251,2
-0.451468565854,0.00721152859201,0
-0.445793801846,0.00567476400824,1
-0.440697290792,0.00509651105363,1
-0.436216150943,0.0044811398492,2
-0.431382900197,0.00483325074628,0
-0.428232480162,0.0031504200347,1
-0.425787589728,0.00244489043375,0
-0.425065801091,0.000721788637243,0
-0.426072294577,-0.00100649348589,2
-0.426799845579,-0.000727551002358,1
-0.428243227642,-0.00144338206292,0
-0.431392061976,-0.00314883433387,1
-0.435223660921,-0.00383159894458,2
-0.438710335452,-0.00348667453127,1
-0.442826813827,-0.00411647837474,2
-0.446543170937,-0.00371635711057,1
-0.450832311687,-0.00428914074969,1
-0.455662876659,-0.00483056497231,2
-0.459999440826,-0.00433656416721,0
-0.465810111189,-0.00581067036315,0
-0.473052028693,-0.00724191750326,1
-0.480671595579,-0.00761956688652,1
-0.488612227136,-0.00794063155712,1
-0.496814776284,-0.00820254914807,0
-0.506217989335,-0.00940321305097,2
-0.514751499222,-0.00853350988681,2
-0.522351355891,-0.00759985666912,2
-0.528960568186,-0.00660921229508,0
-0.536529568771,-0.00756900058478,2
-0.543001612729,-0.00647204395777,0
-0.550328217571,-0.00732660484198,1
-0.557454566373,-0.00712634880161,2
-0.563327433086,-0.00587286671319,2
-0.567903039814,-0.00457560672782,0
-0.573147342034,-0.00524430222083,1
-0.578021396999,-0.00487405496462,2
-0.581489093276,-0.00346769627738,0
-0.585524791463,-0.0040356981864,0
-0.590098711527,-0.004573920064,2
-0.59317718388,-0.00307847235328,1
-0.595737599373,-0.00256041549267,2
-0.596761187183,-0.00102358781053,0
-0.598240452024,-0.00147926484024,0
-0.600164570968,-0.00192411894449,0
-0.602519482742,-0.00235491177418,1
-0.604288003738,-0.00176852099545,0
-0.60645724839,-0.00216924465229,1
-0.608011434508,-0.00155418611768,0
-0.609939270694,-0.00192783618594,1
-0.611226769874,-0.00128749918056,2
-0.610864602727,0.000362167146982,1
-0.609855392571,0.0010092101561,2
-0.587686596643,0.0,1
-0.587208893794,0.000477702849191,2
-0.585257005341,0.00195188845293,1
-0.582845312752,0.00241169258942,2
-0.57899160704,0.00385370571179,0
-0.575724364566,0.00326724247453,2
-0.571067771556,0.00465659300984,1
-0.566056363181,0.00501140837486,0
-0.561727383231,0.00432897994956,0
-0.558113061916,0.00361432131571,2
-0.553240345745,0.00487271617106,2
-0.547145610674,0.00609473507073,0
-0.541874421179,0.00527118949467,2
-0.535466233003,0.00640818817627,0
-0.529969057698,0.00549717530506,0
-0.525424108185,0.00454494951263,2
-0.519865468747,0.00555863943861,2
-0.513334828524,0.0065306402226,1
-0.50688115574,0.0064536727835,2
-0.49955281255,0.00732834319044,0
-0.493404657708,0.00614815484212,0
-0.488482649192,0.00492200851548,1
-0.483823524734,0.00465912445797,1
-0.47946200723,0.00436151750428,0
-0.476430549052,0.00303145817818,1
-0.473751673159,0.00267887589327,0
-0.472445258702,0.00130641445649,2
-0.470520991554,0.00192426714827,0
-0.469993127666,0.000527863887827,1
-0.469865575435,0.000127552231414,2
-0.469139279128,0.000726296306336,0
-0.469819614392,-0.000680335263534,0
-0.471901545816,-0.00208193142364,1
-0.474369653961,-0.00246810814558,1
-0.477205639777,-0.00283598581609,0
-0.481388451853,-0.00418281207583,2
-0.484886995961,-0.00349854410758,1
-0.488675226203,-0.00378823024246,2
-0.491724904139,-0.00304967793596,1
-0.495013271979,-0.00328836784026,2
-0.497515768415,-0.00250249643537,0
-0.501213687835,-0.0036979194205,2
-0.504079369251,-0.00286568141601,0
-0.508091362563,-0.00401199331132,2
-0.511219619522,-0.00312825695989,0
-0.515440698813,-0.0042210792904,0
-0.520722957571,-0.00528225875824,2
-0.525026784697,-0.00430382712587,1
-0.529319901787,-0.00429311709039,0
-0.534570112538,-0.00525021075062,2
-0.538738053118,-0.00416794057977,0
-0.543792488148,-0.00505443503059,0
-0.549695562958,-0.00590307480999,2
-0.554403111748,-0.00470754878996,0
-0.559879956719,-0.00547684497105,1
-0.565085229789,-0.00520527306966,2
-0.568980157119,-0.00389492732967,0
-0.573535774556,-0.00455561743708,2
-0.57671826387,-0.00318248931463,2
-0.578504041103,-0.00178577723254,1
-0.579879888383,-0.00137584728048,2
-0.579835630044,4.42583396502e-05,2
-0.578371593305,0.00146403673875,2
-0.57549860656,0.00287298674511,2
-0.571237941893,0.00426066466636,2
-0.56562119855,0.00561674334319,0
-0.560690121197,0.0049310773528,2
-0.554481432475,0.00620868872291,0
-0.54904145504,0.00543997743441,0
-0.544410842741,0.00463061229885,1
-0.539624241333,0.00478660140813,1
-0.534717495227,0.00490674610611,2
-0.528727374187,0.00599012104037,1
-0.522698790174,0.00602858401223,0
-0.517676956045,0.00502183412975,2
-0.511699533225,0.0059774228193,1
-0.505811335771,0.00588819745472,0
-0.501056480811,0.00475485495999,1
-0.496470564223,0.00458591658816,2
-0.491087884691,0.0053826795317,1
-0.485948650445,0.00513923424585,2
-0.480091192105,0.00585745833968,2
-0.473559114927,0.00653207717883,1
-0.467400927191,0.00615818773535,2
-0.46066222946,0.00673869773088,2
-0.453392756283,0.00726947317756,2
-0.445645943955,0.00774681232813,2
-0.437478463386,0.00816748056812,1
-0.4299497234,0.00752873998596,2
-0.422114147901,0.0078355754998,2
-0.414028002947,0.00808614495353,2
-0.405748919389,0.00827908355769,2
-0.397335410852,0.00841350853717,0
-0.390846393819,0.00648901703341,1
-0.385326907976,0.00551948584282,1
-0.38081497508,0.00451193289606,0
-0.378341471477,0.00247350360334,1
-0.376923243623,0.00141822785348,0
-0.377569924589,-0.000646680965582,1
-0.379277124284,-0.00170719969571,1
-0.400616997474,0.0,2
-0.400518577317,9.8420156432e-05,0
-0.402322425445,-0.00180384812749,0
-0.406015911668,-0.00369348622306,1
-0.410573094044,-0.00455718237575,0
-0.416961818494,-0.00638872445019,2
-0.423136747832,-0.00617492933834,1
-0.430053787416,-0.00691703958411,1
-0.437663241573,-0.00760945415647,2
-0.444910096373,-0.0072468548,0
-0.453741650148,-0.00883155377485,0
-0.464093305606,-0.0103516554587,1
-0.474888885456,-0.0107955798493,1
-0.486048490687,-0.0111596052314,2
-0.496489127782,-0.0104406370946,0
-0.508132863166,-0.0116437353848,0
-0.520892551281,-0.0127596881148,0
-0.534672535855,-0.0137799845742,2
-0.547369482504,-0.0126969466484,2
-0.558888299917,-0.0115188174132,1
-0.570142940034,-0.0112546401168,1
-0.581049632165,-0.0109066921313,1
-0.591527572957,-0.0104779407923,1
-0.601499566714,-0.00997199375697,0
-0.611892608398,-0.0103930416837,0
-0.622631162828,-0.0107385544305,0
-0.633637852814,-0.0110066899852,0
-0.644834157968,-0.0111963051545,2
-0.654141112179,-0.00930695421125,2
-0.661493834522,-0.007352722343,0
-0.66884159095,-0.00734775642792,1
-0.67513417014,-0.00629257918941,0
-0.681328978005,-0.00619480786482,1
-0.68638446432,-0.00505548631586,2
-0.689267011538,-0.00288254721798,2
-0.689957571817,-0.000690560278719,1
-0.689451595123,0.000505976693835,0
-0.688752414785,0.000699180337828,0
-0.687864641463,0.000887773322402,1
-0.685794137002,0.00207050446127,0
-0.683554605187,0.00223953181481,0
-0.681160919285,0.00239368590155,2
-0.676629033921,0.0045318853641,1
-0.670989315532,0.00563971838964,0
-0.665279839053,0.00570947647913,2
-0.65753946225,0.00774037680276,0
-0.649821345639,0.00771811661106,0
-0.642179021802,0.00764232383629,1
-0.633665985914,0.00851303588822,0
-0.625342365593,0.00832362032127,2
-0.615267462056,0.0100749035374,0
-0.605513676597,0.00975378545902,1
-0.595151694333,0.0103619822631,0
-0.585257176998,0.00989451733499,0
-0.575902854261,0.00935432273694,1
-0.566157858707,0.00974499555467,0
-0.557094536542,0.0090633221645,0
-0.548780418745,0.00831411779756,1
-0.540277618213,0.00850280053172,0
-0.532649778553,0.0076278396603,2
-0.523954064711,0.00869571384129,0
-0.516255686202,0.00769837850914,0
-0.509612376409,0.00664330979296,1
-0.503073933833,0.00653844257645,1
-0.496689330315,0.0063846035177,1
-0.490506328495,0.00618300181988,1
-0.484571112531,0.0059352159643,0
-0.479927935738,0.00464317679287,2
-0.474611354075,0.00531658166329,2
-0.468660856968,0.00595049710663,2
-0.462120531395,0.0065403255728,1
-0.456038683029,0.0060818483669,0
-0.451460073323,0.00457860970529,0
-0.44841829041,0.00304178291314,0
-0.44693559284,0.0014826975704,2
-0.445022813637,0.00191277920283,2
-0.442693911442,0.00232890219476,1
-0.440965855583,0.00172805585945,2
-0.438851218466,0.00211463711672,2
-0.436365362592,0.00248585587353,2
-0.433526314903,0.00283904768988,2
-0.430354619555,0.00317169534759,0
-0.428873170522,0.00148144903329,2
-0.427092639932,0.00178053059013,2
-0.425025836112,0.00206680381908,2
-0.422687601148,0.0023382349641,2
-0.420094692519,0.00259290862929,2
-0.417265649961,0.00282904255793,2
-0.414220648844,0.00304500111688,1
-0.411981341503,0.00223930734131,1
-0.410563608359,0.0014177331437,0
-0.410977484382,-0.000413876022321,1
-0.412220041628,-0.00124255724665,0
-0.415282482044,-0.0030624404154,1
-0.419143073314,-0.00386059127081,1
-0.42377432336,-0.00463125004578,1
-0.429143116016,-0.00536879265617,0
-0.436210883496,-0.00706776747923,0
-0.444926578234,-0.00871569473823,1
-0.454226851761,-0.00930027352677,1
-0.510419126108,0.0,0
-0.511517947726,-0.00109882161804,0
-0.513707355719,-0.00218940799291,1
-0.515970938474,-0.00226358275498,1
-0.518291725014,-0.0023207865406,1
-0.520652312753,-0.00236058773844,1
-0.523034998675,-0.00238268592201,0
-0.526421912922,-0.00338691424692,2
-0.528787653892,-0.00236574097012,0
-0.532114479847,-0.00332682595461,0
-0.536377444966,-0.00426296511979,2
-0.539544593539,-0.00316714857302,2
-0.541592194086,-0.00204760054669,0
-0.544504909523,-0.00291271543654,0
-0.54826093173,-0.0037560222073,2
-0.550832156471,-0.00257122474086,2
-0.552199358005,-0.00136720153406,2
-0.552352318269,-0.000152960263859,0
-0.553289894303,-0.000937576034498,1
-0.554005081295,-0.000715186991419,2
-0.553492537121,0.000512544173417,1
-0.55275609015,0.000736446971251,1
-0.551801242079,0.00095484807136,0
-0.551635127774,0.000166114304175,0
-0.552258988664,-0.000623860889953,1
-0.552668162703,-0.000409174038462,0
-0.553859592583,-0.00119142988054,2
-0.553824377949,3.52146338867e-05,2
-0.552562781825,0.00126159612488,1
-0.551084228906,0.00147855291887,1
-0.549399768601,0.00168446030431,2
-0.546521994016,0.00287777458539,2
-0.542472430773,0.00404956324308,1
-0.538281390738,0.00419104003441,2
-0.532980266696,0.00530112404217,0
-0.52860879076,0.00437147593679,0
-0.525199741124,0.00340904963579,1
-0.521778684293,0.00342105683107,0
-0.519371278079,0.00240740621411,1
-0.516995577246,0.00237570083267,0
-0.515669397162,0.001326180084,0
-0.515402681807,0.00026671535437,1
-0.515197430963,0.000205250844781,2
-0.514055183532,0.00114224743093,1
-0.512984503263,0.00107068026888,1
-0.511993416584,0.000991086678811,2
-0.510089352515,0.00190406406957,0
-0.509286581383,0.000802771131382,1
-0.50859111873,0.000695462653287,1
-0.50800817548,0.000582943249844,1
-0.507542119103,0.000466056376815,0
-0.508196441084,-0.000654321981053,0
-0.509966239472,-0.00176979838764,2
-0.51083825338,-0.0008720139085,1
-0.511805947832,-0.000967694451511,2
-0.511862070042,-5.61222104876e-05,2
-0.511006199357,0.000855870684975,1
-0.510244750531,0.000761448826042,1
-0.509583430104,0.0006613204269,2
-0.5080271938,0.00155623630458,0
-0.507587701887,0.000439491913152,2
-0.506268246856,0.00131945503073,0
-0.506078712241,0.000189534615484,0
-0.507020517608,-0.000941805367476,2
-0.507086608658,-6.60910498515e-05,1
-0.507276490318,-0.000189881659835,2
-0.506588740202,0.000687750115706,2
-0.50502850999,0.00156023021222,0
-0.504607484735,0.000421025254473,2
-0.503328817117,0.00127866761818,1
-0.502202080511,0.00112673660611,2
-0.500235708938,0.00196637157305,2
-0.497444416936,0.00279129200157,0
-0.495849081414,0.0015953355223,1
-0.494461628286,0.00138745312857,1
-0.493292425581,0.00116920270487,0
-0.49335020748,-5.77818989352e-05,1
-0.493634542405,-0.000284334925013,1
-0.494143306536,-0.000508764131352,2
-0.493872699289,0.000270607246726,0
-0.494824742227,-0.000952042937765,1
-0.495992322503,-0.00116758027557,0
-0.498366714565,-0.00237439206253,2
-0.499930166415,-0.00156345185018,1
-0.501670983706,-0.00174081729034,0
-0.504576140846,-0.00290515714085,1
-0.507623890321,-0.00304774947425,0
-0.511791405576,-0.00416751525575,2
-0.51504745759,-0.00325605201331,2
-0.517367637454,-0.0023201798638,1
-0.519734548132,-0.00236691067815,1
-0.522130439867,-0.00239589173501,0
-0.525537344084,-0.00340690421738,1
-0.52892970912,-0.00339236503569,2
-0.531282093858,-0.00235238473862,2
-0.532576858813,-0.00129476495423,2
-0.532804296284,-0.000227437471304,1
-0.532962701126,-0.000158404841847,0
-0.534050885763,-0.00108818463693,2
-0.534060692419,-9.80665596297e-06,2
-0.495870690278,0.0,1
-0.496078411166,-0.000207720888088,1
-0.496492300382,-0.000413889216237,1
-0.497109264173,-0.00061696379065,1
-0.497924690255,-0.000815426082572,0
-0.499932481647,-0.00200779139204,1
-0.502117621159,-0.00218513951171,0
-0.505463757839,-0.00334613668019,0
-0.509945840065,-0.0044820822258,2
-0.513530290679,-0.00358445061409,2
-0.516190243448,-0.00265995276878,1
-0.518905755633,-0.00271551218547,2
-0.520656464306,-0.0017507086724,0
-0.523429240026,-0.00277277572054,1
-0.526203287263,-0.00277404723728,1
-0.528957800862,-0.00275451359855,1
-0.531672123502,-0.0027143226405,1
-0.534325901953,-0.00265377845093,2
-0.535899240843,-0.00157333888937,1
-0.537380347178,-0.00148110633574,0
-0.539758121172,-0.00237777399389,1
-0.542014747539,-0.00225662636701,2
-0.543133324371,-0.00111857683131,0
-0.545105475933,-0.00197215156263,2
-0.545916439131,-0.000810963198108,2
-0.545560144879,0.000356294252096,2
-0.544039259492,0.00152088538749,2
-0.541365166536,0.00267409295629,1
-0.538557888727,0.00280727780879,2
-0.534638455225,0.00391943350193,1
-0.530636239261,0.00400221596358,1
-0.526581246241,0.0040549930201,2
-0.52150388499,0.00507736125147,0
-0.517442235314,0.00406164967533,2
-0.512426757066,0.00501547824836,2
-0.50649505327,0.00593170379576,1
-0.50069157111,0.00580348216001,1
-0.495059757787,0.0056318133231,1
-0.489641725695,0.00541803209242,1
-0.484477931209,0.00516379448605,2
-0.478606869958,0.00587106125078,0
-0.474072224329,0.0045346456287,0
-0.470907662663,0.00316456166627,0
-0.469136640646,0.00177102201727,0
-0.468772269723,0.000364370922315,1
-0.468817246039,-4.49763161785e-05,2
-0.468271236821,0.000546009218825,1
-0.468138281408,0.00013295541301,1
-0.468419363229,-0.000281081820955,2
-0.468112403135,0.000306960093702,2
-0.467219671681,0.000892731454183,2
-0.465747770311,0.00147190136963,1
-0.464707576622,0.00104019368928,0
-0.465106772753,-0.000399196131477,1
-0.465942411025,-0.000835638271697,1
-0.467208319028,-0.00126590800318,2
-0.467895141046,-0.000686822017402,1
-0.468997798557,-0.00110265751143,0
-0.471508134576,-0.00251033601862,0
-0.475407562216,-0.00389942764045,1
-0.479667166184,-0.00425960396795,2
-0.483255304192,-0.00358813800833,1
-0.48714528007,-0.00388997587755,0
-0.492308112523,-0.00516283245299,0
-0.498705280436,-0.00639716791317,1
-0.505288976067,-0.00658369563105,0
-0.513009926149,-0.00772095008166,1
-0.520810279245,-0.00780035309651,0
-0.52963154582,-0.00882126657523,2
-0.537407569089,-0.00777602326856,0
-0.546080056026,-0.0086724869372,1
-0.554584061156,-0.00850400512988,1
-0.562856011171,-0.00827195001536,2
-0.569834212079,-0.0069782009076,0
-0.577466758074,-0.00763254599474,1
-0.584697050414,-0.00723029234059,0
-0.592471667285,-0.00777461687045,2
-0.59873340497,-0.00626173768514,1
-0.604436392526,-0.00570298755594,2
-0.60853902333,-0.00410263080401,1
-0.612011474273,-0.00347245094313,0
-0.615828577603,-0.0038171033296,1
-0.618962749743,-0.00313417214063,2
-0.620391408985,-0.00142865924172,1
-0.621104282414,-0.000712873428739,2
-0.620096248949,0.0010080334648,1
-0.618374550977,0.00172169797208,2
-0.614951573384,0.00342297759314,0
-0.611851994314,0.00309957907001,1
-0.608098221977,0.00375377233635,0
-0.604717469584,0.00338075239304,1
-0.600734314263,0.00398315532181,1
-0.59617779176,0.00455652250249,0
-0.592081217614,0.00409657414644,2
-0.58647463072,0.00560658689395,0
-0.581399266373,0.00507536434622,0
-0.576892567519,0.0045066988542,1
-0.571987865924,0.00490470159523,2
-0.565721519471,0.0062663464535,2
-0.558140092586,0.0075814268847,0
-0.530185194639,0.0,0
-0.53113579971,-0.00095060507154,2
-0.531029881917,0.000105917792693,0
-0.531868235444,-0.000838353526299,1
-0.532644574383,-0.00077633893912,1
-0.533353078158,-0.00070850377502,0
-0.534988435104,-0.00163535694635,1
-0.536538386225,-0.00154995112114,2
-0.536991314638,-0.000452928413007,0
-0.53834382603,-0.00135251139151,1
-0.539585785605,-0.00124195957519,0
-0.541707888568,-0.00212210296271,2
-0.542694239984,-0.000986351415974,1
-0.543537453737,-0.000843213752948,2
-0.543231216562,0.000306237174352,0
-0.543777821195,-0.00054660463224,0
-0.545173175407,-0.00139535421215,1
-0.546406834568,-0.00123365916137,2
-0.546469566736,-6.27321682572e-05,0
-0.547360902524,-0.000891335787868,2
-0.547074173263,0.000286729260995,2
-0.545611524027,0.00146264923655,1
-0.543983899149,0.00162762487756,2
-0.541203481127,0.00278041802208,0
-0.539291089187,0.00191239194042,0
-0.538261048362,0.00103004082477,1
-0.537121075949,0.00113997241248,2
-0.534879714099,0.00224136185079,0
-0.533553761359,0.00132595273988,0
-0.533153157324,0.000400604034823,1
-0.532680905238,0.000472252086106,2
-0.531140545607,0.00154035963089,2
-0.528543627527,0.00259691808024,2
-0.524909624417,0.00363400310949,0
-0.522265789967,0.00264383445029,0
-0.520631952882,0.0016338370847,1
-0.519020366674,0.00161158620811,0
-0.518443117453,0.000577249220855,1
-0.517904534127,0.000538583326466,1
-0.517408655534,0.000495878592513,2
-0.515959200174,0.00144945536038,1
-0.514567036613,0.0013921635606,2
-0.512242602807,0.00232443380623,2
-0.509003323822,0.00323927898521,0
-0.506873475749,0.00212984807235,0
-0.505869014798,0.00100446095182,1
-0.504997464362,0.000871550436023,1
-0.504265351364,0.000732112997916,1
-0.503678157763,0.000587193600297,1
-0.50324027988,0.000437877883244,0
-0.503954995806,-0.000714715925384,1
-0.504816954818,-0.000861959012465,2
-0.504819702962,-2.74814423054e-06,0
-0.50596321966,-0.00114351669762,2
-0.506238941331,-0.000275721670845,1
-0.506644802911,-0.000405861580036,0
-0.50817776447,-0.00153296155876,2
-0.50882634236,-0.000648577890262,0
-0.510585677236,-0.00175933487636,2
-0.511442585561,-0.000856908324933,0
-0.513390645104,-0.00194805954255,2
-0.514415253658,-0.00102460855466,2
-0.514508729915,-9.34762562866e-05,2
-0.513670373064,0.000838356850655,0
-0.513906468223,-0.000236095158757,2
-0.513215245444,0.000691222778656,2
-0.511601886547,0.00161335889658,1
-0.510078484895,0.00152340165233,2
-0.507656457621,0.00242202727398,1
-0.505353952154,0.00230250546736,0
-0.504188214549,0.00116573760501,2
-0.502167973891,0.00202024065798,0
-0.501308353538,0.000859620352927,1
-0.500615786781,0.000692566756564,1
-0.500095455898,0.000520330883238,0
-0.500751253886,-0.000655797987842,2
-0.500578274144,0.000172979742249,0
-0.50157781095,-0.000999536806282,1
-0.502742384885,-0.00116457393457,1
-0.504063279706,-0.00132089482151,2
-0.504530606887,-0.000467327181401,1
-0.50514086735,-0.00061026046221,2
-0.504889491389,0.000251375960767,2
-0.503778361396,0.00111112999325,2
-0.501815796927,0.00196256446854,1
-0.500016488544,0.0017993083835,0
-0.49939389981,0.00062258873384,0
-0.499952688149,-0.000558788339749,1
-0.500688673442,-0.000735985292138,0
-0.502596349252,-0.00190767581026,0
-0.505661439058,-0.00306508980618,1
-0.508860993971,-0.00319955491247,0
-0.513171046237,-0.00431005226606,1
-0.517559293717,-0.00438824748069,2
-0.520992834834,-0.00343354111655,2
-0.523445920307,-0.00245308547319,0
-0.526900152195,-0.00345423188784,1
-0.530329624163,-0.00342947196816,2
-0.532708618197,-0.00237899403439,1
-0.535019296917,-0.00231067871979,1
-0.583995489322,0.0,1
-0.583544988424,0.000450500898105,0
-0.583647310484,-0.000102322060447,2
-0.582301700485,0.00134560999893,0
-0.581518090811,0.000783609674388,1
-0.580302268837,0.00121582197368,2
-0.577663218776,0.00263905006158,0
-0.575620460873,0.00204275790263,2
-0.572189122223,0.00343133865005,0
-0.569394645235,0.00279447698803,1
-0.566257778722,0.00313686651298,2
-0.561801842313,0.00445593640874,1
-0.557060009752,0.0047418325615,1
-0.552067639203,0.00499237054859,2
-0.545862011658,0.00620562754525,2
-0.538489533956,0.00737247770177,0
-0.532005412708,0.00648412124793,0
-0.526458248366,0.00554716434273,1
-0.52088963824,0.00556861012546,0
-0.516341346421,0.00454829181896,2
-0.510847481021,0.00549386540035,2
-0.504449227007,0.00639825401397,2
-0.49719451562,0.00725471138669,1
-0.490137629151,0.00705688646923,0
-0.484331280014,0.00580634913663,0
-0.479818756402,0.00451252361197,0
-0.47663363973,0.0031851166723,0
-0.474799597321,0.0018340424085,0
-0.474330242806,0.000469354515691,0
-0.475229058324,-0.000898815518197,0
-0.47748937493,-0.00226031660625,1
-0.480094410235,-0.00260503530449,0
-0.484024802769,-0.00393039253465,0
-0.489251303353,-0.00522650058339,0
-0.495734954354,-0.00648365100153,1
-0.502427340726,-0.00669238637167,0
-0.510278406122,-0.00785106539602,1
-0.518229347702,-0.00795094158025,1
-0.52622055825,-0.00799121054794,1
-0.534192105631,-0.00797154738079,2
-0.54108421641,-0.00689211077853,0
-0.548845246516,-0.00776103010678,2
-0.555417109071,-0.00657186255465,0
-0.562750696357,-0.00733358728572,1
-0.569791318939,-0.00704062258229,1
-0.57648660522,-0.00669528628114,0
-0.58378689494,-0.00730028972,0
-0.591638222698,-0.00785132775757,1
-0.598982790747,-0.00734456804942,0
-0.606766785744,-0.00778399499707,0
-0.614933472297,-0.00816668655263,2
-0.621423688065,-0.00649021576847,1
-0.627190703489,-0.00576701542354,2
-0.631193225539,-0.00400252205003,1
-0.634402729106,-0.00320950356763,2
-0.635796423159,-0.00139369405294,0
-0.637364434353,-0.00156801119392,0
-0.639095671693,-0.00173123733958,1
-0.639977911155,-0.000882239461785,1
-0.640004932158,-2.70210034119e-05,1
-0.639176544275,0.000828387882972,2
-0.636498588042,0.00267795623337,1
-0.632989980061,0.00350860798067,0
-0.629675585456,0.00331439460525,1
-0.625578975025,0.00409661043039,0
-0.621729389022,0.00384958600299,2
-0.61615440825,0.00557498077265,0
-0.610894145832,0.00526026241774,0
-0.605986626384,0.00490751944779,2
-0.599467470191,0.00651915619367,0
-0.593384199005,0.0060832711855,2
-0.585781352147,0.00760284685818,2
-0.576714836208,0.00906651593862,2
-0.566251633569,0.010463202639,0
-0.556469406746,0.00978222682293,2
-0.545441049551,0.0110283571957,1
-0.534248992507,0.0111920570435,0
-0.523977072426,0.0102719200808,0
-0.51470231512,0.00927475730638,1
-0.505494273346,0.00920804177395,1
-0.496421948589,0.00907232475659,1
-0.487553224298,0.0088687242919,1
-0.478954315073,0.00859890922411,2
-0.469689239152,0.00926507592154,0
-0.461826724475,0.00786251467644,0
-0.455424853006,0.0064018714691,1
-0.449530728833,0.00589412417377,2
-0.443187554924,0.00634317390845,2
-0.436441632886,0.00674592203842,1
-0.430341966464,0.00609966642222,1
-0.424932637565,0.00540932889899,1
-0.42025254614,0.00468009142447,1
-0.416335193417,0.00391735272334,2
-0.412208505432,0.00412668798489,0
-0.409901782352,0.00230672308032,2
-0.40743134782,0.00247043453104,0
-0.406814639563,0.000616708257969,0
-0.408056003376,-0.00124136381382,0
-0.411146688683,-0.00309068530648,2
-0.41406485782,-0.00291816913673,1
-0.460865282711,0.0,1
-0.461333011342,-0.000467728631418,2
-0.461265022123,6.79892193468e-05,2
-0.460661816092,0.000603206031151,0
-0.461527837659,-0.000866021567343,2
-0.461856705518,-0.000328867858887,0
-0.463645995574,-0.00178929005655,2
-0.464882511132,-0.00123651555756,1
-0.466557124864,-0.00167461373207,1
-0.46865746604,-0.00210034117591,1
-0.471168003837,-0.00251053779706,2
-0.473070152948,-0.00190214911113,0
-0.47634981707,-0.00327966412178,1
-0.479982662904,-0.00363284583428,0
-0.484941696928,-0.00495903402325,1
-0.490190009588,-0.00524831266052,0
-0.496688468703,-0.00649845911445,2
-0.502388535956,-0.00570006725332,2
-0.507247572681,-0.00485903672553,0
-0.513229194253,-0.00598162157184,2
-0.518288575142,-0.00505938088853,0
-0.524387780849,-0.00609920570742,2
-0.529481069023,-0.00509328817356,2
-0.533530242285,-0.00404917326262,0
-0.538504940568,-0.00497469828226,1
-0.543367879869,-0.0048629393019,1
-0.548082637793,-0.00471475792334,1
-0.552613931822,-0.00453129402954,0
-0.557927886883,-0.00531395506043,1
-0.562984828502,-0.00505694161946,2
-0.566747061598,-0.00376223309613,1
-0.570186585532,-0.00343952393358,2
-0.572277837328,-0.00209125179572,1
-0.574005292492,-0.00172745516403,1
-0.575356137962,-0.00135084547031,0
-0.577320361135,-0.00196422317342,2
-0.577883414364,-0.000563053228946,2
-0.577041130048,0.000842284316088,2
-0.574799743022,0.00224138702596,1
-0.572175856995,0.00262388602699,1
-0.569188931065,0.00298692593064,0
-0.566861143992,0.00232778707229,0
-0.565209799317,0.00165134467553,0
-0.564247181878,0.00096261743863,1
-0.562980456416,0.00126672546274,0
-0.562419054991,0.000561401424032,2
-0.560567159181,0.0018518958102,0
-0.559438568531,0.00112859064983,1
-0.558041697039,0.00139687149242,0
-0.557386963067,0.000654733971887,2
-0.555479251424,0.00190771164328,2
-0.55233280057,0.003146450854,2
-0.547971111325,0.00436168924452,1
-0.54342679239,0.00454431893493,2
-0.537733851012,0.00569294137825,0
-0.532934928338,0.00479892267454,0
-0.529065993672,0.00386893466548,2
-0.52415605671,0.00490993696261,1
-0.519241940141,0.004914116569,2
-0.513360498907,0.00588144123345,0
-0.508555832676,0.00480466623119,0
-0.504863950225,0.00369188245116,2
-0.500312504998,0.00455144522698,1
-0.495935564781,0.00437694021645,0
-0.492765860573,0.00316970420864,1
-0.489827073609,0.00293878696362,2
-0.48614114131,0.00368593229899,0
-0.483735550388,0.0024055909219,0
-0.482628221525,0.00110732886279,0
-0.48282739871,-0.000199177185095,0
-0.48433159933,-0.00150420061911,0
-0.487129623095,-0.0027980237655,0
-0.491200620162,-0.00407099706645,2
-0.494514221002,-0.00331360084072,0
-0.499045679325,-0.0045314583223,0
-0.504761119392,-0.00571544006763,2
-0.509617766691,-0.00485664729854,0
-0.515579240814,-0.00596147412351,0
-0.522600855646,-0.00702161483226,2
-0.528629954867,-0.00602909922072,0
-0.535621321676,-0.0069913668089,0
-0.543522538938,-0.00790121726183,2
-0.550274416934,-0.00675187799561,0
-0.5578264411,-0.00755202416603,2
-0.564122208649,-0.00629576754898,0
-0.571114798534,-0.00699258988496,0
-0.578752223925,-0.00763742539145,2
-0.584977883301,-0.00622565937568,1
-0.590745796404,-0.00576791310369,2
-0.595013505855,-0.00426770945086,1
-0.598749692907,-0.00373618705171,1
-0.601927010761,-0.00317731785381,0
-0.605522258336,-0.00359524757543,2
-0.607509246678,-0.0019869883422,1
-0.608873532082,-0.00136428540375,1
-0.60960521014,-0.000731678058381,1
-0.60969897339,-9.37632490435e-05,1
-0.609154141909,0.000544831480777,2
-0.606974667227,0.0021794746822,0
-0.605176373387,0.00179829383975,0
-0.423458899415,0.0,1
-0.424198702083,-0.000739802667738,0
-0.426673005586,-0.00247430350269,1
-0.429864051567,-0.00319104598075,0
-0.434748879357,-0.0048848277909,0
-0.441292218513,-0.00654333915596,2
-0.447446603223,-0.0061543847096,1
-0.454167173971,-0.00672057074751,2
-0.460404724378,-0.00623755040763,0
-0.468113396165,-0.00770867178669,1
-0.476236289246,-0.00812289308143,1
-0.484713206939,-0.00847691769259,1
-0.493481105365,-0.00876789842571,1
-0.502474579104,-0.00899347373962,1
-0.511626378293,-0.0091517991889,1
-0.520867951157,-0.00924157286377,0
-0.531130004975,-0.010262053818,1
-0.541335579378,-0.0102055744032,0
-0.552408190518,-0.0110726111398,2
-0.562264999947,-0.00985680942961,0
-0.572832462608,-0.0105674626606,2
-0.582032013731,-0.00919955112257,1
-0.590795556687,-0.00876354295634,0
-0.60005853034,-0.00926297365338,0
-0.609753071268,-0.00969454092816,0
-0.619808625201,-0.0100555539327,2
-0.628152582308,-0.00834395710638,1
-0.635725180721,-0.00757259841351,0
-0.64347260063,-0.00774741990857,2
-0.649340220669,-0.0058676200391,0
-0.655286987252,-0.00594676658372,0
-0.661271584222,-0.00598459696909,0
-0.667252741768,-0.0059811575462,0
-0.673189536958,-0.00593679519061,2
-0.677041682866,-0.00385214590726,1
-0.679783222185,-0.00274153931985,1
-0.681395771466,-0.00161254928102,0
-0.682868553316,-0.00147278184908,2
-0.682191747768,0.000676805547625,1
-0.680369864737,0.00182188303051,1
-0.677415067801,0.00295479693663,0
-0.674347156089,0.00306791171172,0
-0.671186779209,0.00316037687995,2
-0.665955305884,0.00523147332556,1
-0.659688319121,0.00626698676256,0
-0.653428780218,0.0062595389035,2
-0.645219949627,0.00820883059075,2
-0.635119064526,0.0101008851005,2
-0.623197293385,0.0119217711411,1
-0.610539598892,0.012657694493,1
-0.59723721617,0.0133023827218,1
-0.58338702647,0.0138501897009,2
-0.568090825386,0.015296201084,2
-0.551461923877,0.0166289015082,0
-0.535624292029,0.0158376318487,0
-0.52069648837,0.0149278036589,1
-0.50579045159,0.0149060367798,1
-0.491017913713,0.0147725378769,0
-0.477489343405,0.0135285703081,1
-0.464305492029,0.0131838513757,0
-0.452563998846,0.0117414931829,0
-0.442351243217,0.0102127556292,0
-0.433741828288,0.00860941492945,2
-0.424798207863,0.00894362042424,1
-0.416584789231,0.0082134186325,2
-0.408160259234,0.0084245299971,1
-0.400584315275,0.0075759439591,2
-0.392910179777,0.0076741354977,1
-0.386191289949,0.0067188898275,1
-0.38047401663,0.00571727331894,0
-0.376797498212,0.00367651841896,2
-0.373186741788,0.0036107564236,2
-0.369666180978,0.0035205608099,1
-0.367259515912,0.00240666506643,2
-0.36498287672,0.00227663919139,1
-0.363851467862,0.00113140885835,1
-0.363872825585,-2.13577232855e-05,0
-0.36604680775,-0.00217398216508,1
-0.369358921427,-0.00331211367679,2
-0.372786993436,-0.00342807200934,0
-0.378307958303,-0.00552096486624,1
-0.384884426772,-0.00657646846964,0
-0.39347148446,-0.00858705768777,0
-0.404009896112,-0.0105384116517,1
-0.41542610693,-0.0114162108179,2
-0.426639447715,-0.011213340785,1
-0.438569772093,-0.0119303243781,1
-0.451130920482,-0.0125611483895,1
-0.464231306463,-0.0131003859804,1
-0.477774598237,-0.0135432917747,1
-0.491660489843,-0.0138858916058,2
-0.504785552249,-0.0131250624059,0
-0.519051638932,-0.0142660866826,2
-0.532351828081,-0.0133001891499,1
-0.545586376882,-0.0132345488005,0
-0.559656138234,-0.0140697613524,0
-0.574455996452,-0.0147998582172,0
-0.589875903616,-0.0154199071645,2
-0.603802001096,-0.0139260974796,2
-0.616132361615,-0.0123303605192,2
-0.577083845295,0.0,1
-0.576684426333,0.000399418962313,2
-0.574888545856,0.00179588047642,2
-0.571709508213,0.00317903764355,2
-0.567170891561,0.00453861665195,0
-0.563306413877,0.00386447768337,0
-0.560144832735,0.00316158114244,1
-0.556709704963,0.00343512777226,0
-0.554026653401,0.00268305156188,1
-0.551115709556,0.00291094384438,0
-0.548998623025,0.00211708653159,1
-0.546691221935,0.00230740108966,1
-0.544210766001,0.00248045593452,0
-0.542575818636,0.00163494736411,0
-0.541798620322,0.000777198314967,2
-0.539884990981,0.00191362934085,2
-0.536849263616,0.00303572736461,1
-0.533714183762,0.00313507985414,1
-0.53050324999,0.00321093377189,1
-0.527240536363,0.00326271362698,0
-0.524950510074,0.00229002628936,0
-0.523650345804,0.00130016427014,2
-0.521349794757,0.00230055104668,0
-0.520066110939,0.00128368381834,1
-0.518808921609,0.00125718932936,2
-0.516587654948,0.00222126666072,0
-0.515418967816,0.00116868713293,1
-0.514311623084,0.00110734473155,0
-0.514273922985,3.77000989112e-05,0
-0.515306150159,-0.00103222717429,0
-0.517400565609,-0.00209441544981,1
-0.519541464955,-0.0021408993459,1
-0.521712793379,-0.00217132842434,0
-0.524898266595,-0.00318547321551,1
-0.528073993653,-0.00317572705773,0
-0.532216157583,-0.00414216393062,2
-0.535293698348,-0.0030775407646,1
-0.538283545185,-0.00298984683757,0
-0.542163291873,-0.00387974668713,0
-0.546903876655,-0.00474058478252,0
-0.552469815543,-0.00556593888832,2
-0.556819492263,-0.00434967671933,1
-0.56092042586,-0.00410093359735,0
-0.565742031551,-0.00482160569119,0
-0.571248404198,-0.00550637264668,0
-0.577398620501,-0.00615021630274,1
-0.583147087531,-0.00574846703029,2
-0.587451313966,-0.00430422643504,2
-0.590279569776,-0.00282825581033,0
-0.593611048416,-0.00333147863953,0
-0.597421287282,-0.0038102388663,1
-0.60068237227,-0.00326108498809,0
-0.604370469266,-0.00368809699536,2
-0.606458689477,-0.00208822021158,1
-0.607931840678,-0.00147315120102,1
-0.60877921988,-0.000847379201763,0
-0.609994676083,-0.00121545620283,2
-0.609569393611,0.000425282472147,1
-0.608506456065,0.00106293754601,1
-0.606813575028,0.00169288103674,0
-0.605503045499,0.0013105295285,2
-0.602584396505,0.00291864899452,2
-0.598078883472,0.00450551303338,1
-0.593019406118,0.00505947735348,2
-0.586443029609,0.00657637650856,0
-0.580398108455,0.00604492115434,0
-0.574929250808,0.0054688576468,1
-0.569076934317,0.00585231649138,1
-0.562884588835,0.00619234548233,2
-0.555398281398,0.00748630743679,0
-0.548673839257,0.00672444214062,2
-0.540761511458,0.00791232779886,2
-0.531720520007,0.00904099145157,1
-0.522618621499,0.00910189850782,0
-0.514524074136,0.00809454736267,0
-0.507497578628,0.00702649550856,2
-0.499591795142,0.00790578348568,0
-0.492865908394,0.00672588674764,0
-0.487370191731,0.00549571666392,2
-0.48114565482,0.00622453691092,1
-0.475238656254,0.00590699856589,1
-0.469693087548,0.00554556870591,1
-0.464550051601,0.00514303594716,2
-0.458847568472,0.00570248312837,0
-0.454627670964,0.00421989750825,2
-0.449921373549,0.00470629741537,2
-0.444763168218,0.00515820533039,1
-0.440190733205,0.00457243501348,0
-0.437237350973,0.00295338223186,1
-0.43492445748,0.00231289349267,0
-0.434268804929,0.000655652551372,0
-0.435275136465,-0.0010063315357,1
-0.436936171002,-0.0016610345373,1
-0.439239877477,-0.00230370647541,2
-0.44116954353,-0.00192966605283,0
-0.444711147252,-0.00354160372186,0
-0.44983890058,-0.00512775332784,0
-0.456515349475,-0.00667644889508,0
-0.464691534698,-0.00817618522318,0
-0.474307228183,-0.00961569348502,2
-0.427069895699,0.0,0
-0.42878378595,-0.00171389025177,2
-0.430199238117,-0.00141545216676,1
-0.432306056586,-0.00210681846847,2
-0.434089042745,-0.0017829861594,2
-0.435535312987,-0.00144627024208,2
-0.436634402809,-0.0010990898215,1
-0.438378351505,-0.00174394869622,0
-0.441754513307,-0.0033761618021,2
-0.444738358026,-0.00298384471902,1
-0.448308153957,-0.00356979593083,2
-0.451437840303,-0.00312968634587,2
-0.454104516297,-0.00266667599481,1
-0.457288631718,-0.00318411542072,2
-0.459966799562,-0.00267816784361,2
-0.462119313966,-0.00215251440426,0
-0.465730314552,-0.00361100058602,1
-0.469773151769,-0.00404283721724,2
-0.473217929087,-0.00344477731765,1
-0.477039125766,-0.00382119667949,1
-0.481208385441,-0.00416925967477,0
-0.486694716786,-0.00548633134505,0
-0.493457263494,-0.00676254670768,0
-0.5014455636,-0.00798830010564,2
-0.508599890512,-0.00715432691246,2
-0.514866671106,-0.00626678059416,2
-0.520198934994,-0.00533226388764,2
-0.524556697244,-0.00435776225006,2
-0.527907275091,-0.00335057784761,2
-0.530225540093,-0.00231826500117,1
-0.532494107634,-0.00226856754124,1
-0.534695968103,-0.00220186046912,0
-0.537814615002,-0.00311864689866,2
-0.539826675422,-0.0020120604201,1
-0.541717074665,-0.00189039924296,0
-0.544471653567,-0.0027545789022,0
-0.54806978817,-0.00359813460301,0
-0.552484554992,-0.00441476682166,0
-0.557682949513,-0.00519839452141,1
-0.562626157959,-0.00494320844642,1
-0.567277329325,-0.00465117136587,1
-0.571601848203,-0.00432451887818,0
-0.576567587146,-0.00496573894286,0
-0.582137729804,-0.00557014265783,2
-0.586271083598,-0.00413335379428,2
-0.588937159553,-0.00266607595461,0
-0.592116329639,-0.00317917008631,1
-0.594785229179,-0.00266889953953,0
-0.597924279376,-0.00313905019742,2
-0.599510496019,-0.00158621664268,2
-0.599532283303,-2.17872843115e-05,1
-0.598989482045,0.000542801258412,0
-0.598886058827,0.000103423217503,2
-0.597222769597,0.00166328923041,1
-0.595011779104,0.00221099049294,2
-0.591269278866,0.00374250023754,1
-0.587022728865,0.00424655000143,2
-0.581303364225,0.0057193646401,2
-0.574153373574,0.00714999065053,0
-0.567625675333,0.00652769824101,1
-0.560768734586,0.00685694074742,1
-0.553633596522,0.00713513806379,2
-0.545273501987,0.00836009453552,0
-0.537750961534,0.00752254045282,2
-0.529122311571,0.00862864996251,2
-0.519452236985,0.00967007458649,2
-0.508813260636,0.0106389763489,1
-0.49828513929,0.0105281213463,0
-0.488946687788,0.00933845150177,2
-0.478867659095,0.0100790286926,2
-0.468123107793,0.0107445513019,2
-0.456792705955,0.0113304018378,1
-0.445960002083,0.0108327038728,2
-0.434704338393,0.0112556636894,1
-0.424107508323,0.0105968300701,1
-0.414245832829,0.00986167549448,1
-0.405189672305,0.00905616052345,1
-0.397003020513,0.00818665179204,1
-0.389743175976,0.00725984453757,0
-0.384460483891,0.00528269208493,1
-0.380191288416,0.0042691954743,1
-0.376964775447,0.00322651296921,2
-0.373802889472,0.00316188597479,0
-0.372727038676,0.00107585079639,0
-0.373744485137,-0.00101744646098,2
-0.374848361301,-0.00110387616441,1
-0.377031204786,-0.00218284348496,0
-0.381278224458,-0.00424701967204,1
-0.386560511954,-0.00528228749584,2
-0.391841878145,-0.00528136619099,0
-0.399085889393,-0.00724401124805,1
-0.407242181514,-0.00815629212101,0
-0.41725353323,-0.0100113517162,0
-0.429049012678,-0.0117954794475,1
-0.441544144549,-0.0124951318711,1
-0.454648489661,-0.0131043451121,0
-0.469266282055,-0.0146177923943,2
-0.483289766152,-0.0140234840971,0
-0.498614831543,-0.0153250653907,2
-0.513127101121,-0.0145122695776,0
-0.428733842135,0.0,1
-0.429435763569,-0.000701921434242,2
-0.429834552233,-0.000398788663514,2
-0.429927335259,-9.27830258882e-05,0
-0.431713444097,-0.0017861088383,0
-0.435179998496,-0.00346655439861,2
-0.438301944502,-0.00312194600602,1
-0.442056658023,-0.00375471352147,2
-0.445416856091,-0.00336019806821,2
-0.448358057172,-0.0029412010811,1
-0.451858783895,-0.0035007267226,1
-0.455893416452,-0.00403463255667,0
-0.46143235482,-0.00553893836835,0
-0.468434843202,-0.0070024883822,0
-0.476849175157,-0.0084143319544,1
-0.485612980805,-0.00876380564783,2
-0.493661063696,-0.00804808289108,1
-0.501933377686,-0.00827231399014,0
-0.511368067777,-0.00943469009167,2
-0.519894467596,-0.00852639981878,0
-0.529448649153,-0.00955418155696,2
-0.537958958911,-0.00851030975738,1
-0.546361600604,-0.00840264169389,0
-0.555593653768,-0.00923205316321,1
-0.564586113638,-0.00899245987026,1
-0.573271942531,-0.00868582889267,1
-0.581586599994,-0.00831465746381,2
-0.588468539086,-0.00688193909185,1
-0.594867020139,-0.00639848105309,1
-0.60073505237,-0.00586803223023,2
-0.605029712031,-0.00429465966131,1
-0.608719696212,-0.00368998418107,1
-0.611778189335,-0.0030584931227,1
-0.614183023457,-0.00240483412196,2
-0.614916806905,-0.000733783448569,2
-0.613974239898,0.000942567007054,0
-0.613362130761,0.000612109136915,1
-0.612084903736,0.00127722702519,2
-0.609151797651,0.00293310608513,1
-0.60558406537,0.00356773228056,2
-0.600407624244,0.00517644112641,2
-0.593660201077,0.00674742316697,2
-0.585391177599,0.00826902347787,0
-0.577661360896,0.00772981670258,1
-0.569527850104,0.00813351079241,2
-0.560050960191,0.00947688991275,1
-0.550301223476,0.0097497367149,2
-0.539351432527,0.0109497909495,1
-0.528283540621,0.0110678919055,1
-0.517180514135,0.0111030264865,2
-0.505125621635,0.0120548924999,1
-0.49320920688,0.0119164147554,0
-0.482520398283,0.0106888085963,0
-0.473138898292,0.00938149999093,1
-0.464134403626,0.00900449466603,1
-0.455573530011,0.00856087361553,2
-0.446519311803,0.00905421820801,2
-0.437038051416,0.00948126038678,1
-0.428198724513,0.00883932690266,1
-0.420065170085,0.00813355442869,1
-0.412695692554,0.00736947753091,1
-0.406142727274,0.00655296527987,0
-0.401452565531,0.00469016174327,1
-0.397658135746,0.00379442978505,2
-0.393785948173,0.00387218757279,0
-0.391862933106,0.00192301506683,1
-0.390902417358,0.000960515747658,2
-0.389911045495,0.000991371863569,0
-0.390895667094,-0.000984621599317,1
-0.392849479245,-0.00195381215133,1
-0.395758957761,-0.00290947851579,1
-0.399603902671,-0.00384494490946,1
-0.404357510162,-0.00475360749187,0
-0.410986475231,-0.00662896506868,2
-0.417444057905,-0.00645758267358,1
-0.424684411353,-0.00724035344831,0
-0.433655782807,-0.00897137145445,0
-0.44429357078,-0.0106377879723,2
-0.454520552424,-0.010226981644,0
-0.466261920387,-0.0117413679628,0
-0.479431197321,-0.0131692769345,2
-0.491930762632,-0.0124995653108,0
-0.505667480916,-0.0137367182841,0
-0.520538619058,-0.014871138142,2
-0.534432708052,-0.0138940889937,0
-0.549245556857,-0.0148128488053,2
-0.562866244527,-0.01362068767,1
-0.576193106871,-0.0133268623438,1
-0.589127146395,-0.0129340395241,1
-0.601572882515,-0.0124457361199,1
-0.613439131655,-0.0118662491399,0
-0.625639706231,-0.0122005745761,1
-0.637086870913,-0.0114471646827,2
-0.646699223686,-0.00961235277292,2
-0.654409166539,-0.00770994285314,2
-0.660163019635,-0.00575385309537,2
-0.663921053962,-0.00375803432689,1
-0.666657480617,-0.00273642665497,2
-0.667353602827,-0.00069612221038,1
-0.667004675439,0.000348927388111,2
-0.451903724825,0.0,2
-0.451437301374,0.000466423451669,1
-0.451507871519,-7.05701448879e-05,1
-0.452114918326,-0.000607046807362,0
-0.45425399412,-0.0021390757945,0
-0.457909412481,-0.00365541836062,0
-0.463054318375,-0.00514490589408,2
-0.46765081506,-0.00459649668486,2
-0.471664954045,-0.00401413898492,2
-0.475067022795,-0.0034020687498,0
-0.479831795084,-0.00476477228927,0
-0.485923877365,-0.00609208228081,0
-0.493297920165,-0.00737404280038,2
-0.49989890653,-0.00660098636497,1
-0.506677492193,-0.00677858566272,0
-0.514582932981,-0.00790544078826,1
-0.522555984345,-0.00797305136356,2
-0.52953685663,-0.0069808722852,0
-0.537473195663,-0.00793633903297,2
-0.54430550659,-0.0068323109266,1
-0.550982616896,-0.00667711030688,2
-0.556454579328,-0.00547196243178,2
-0.560680522053,-0.00422594272464,0
-0.565628924956,-0.00494840290298,1
-0.570262936361,-0.00463401140528,0
-0.57554810859,-0.00528517222907,2
-0.579445236128,-0.00389712753795,2
-0.581925471938,-0.00248023580964,1
-0.583970486421,-0.00204501448293,2
-0.584565184459,-0.000594698038104,0
-0.58570517949,-0.00113999503111,1
-0.586382066836,-0.000676887345941,2
-0.585590858663,0.000791208173023,0
-0.585337385399,0.000253473264126,0
-0.585623515445,-0.000286130046413,1
-0.5854471397,0.000176375744887,2
-0.583809558212,0.00163758148779,0
-0.582722847552,0.00108671066036,1
-0.581195027818,0.00152781973393,0
-0.580237382475,0.000957645343198,2
-0.577856988675,0.00238039379961,0
-0.576071452902,0.00178553577307,2
-0.572893995407,0.0031774574957,0
-0.570348169908,0.00254582549869,2
-0.566452872247,0.00389529766131,0
-0.563237053509,0.00321581873788,0
-0.560724647834,0.00251240567431,1
-0.557934373443,0.00279027439122,2
-0.55388703722,0.00404733622357,0
-0.550612851495,0.0032741857244,1
-0.547136281909,0.0034765695862,0
-0.54448332769,0.00265295421883,1
-0.541673841788,0.00280948590225,0
-0.539728859314,0.00194498247416,1
-0.537662948419,0.00206591089447,2
-0.534491587522,0.00317136089696,0
-0.532238545075,0.00225304244689,2
-0.528920711613,0.00331783346285,2
-0.524562965325,0.00435774628723,1
-0.520197987625,0.0043649777001,2
-0.514858515392,0.00533947223278,1
-0.5095845876,0.00527392779246,1
-0.504415735256,0.00516885234368,1
-0.499390676313,0.00502505894339,1
-0.494547018556,0.00484365775729,1
-0.489920973233,0.00462604532266,0
-0.486547081929,0.00337389130385,0
-0.484450506443,0.00209657548596,2
-0.481646868462,0.00280363798087,0
-0.480157039812,0.00148982864982,1
-0.47899210266,0.00116493715237,1
-0.478160717939,0.000831384720737,0
-0.478669064244,-0.00050834630467,2
-0.47851336395,0.000155700293633,2
-0.477694774182,0.000818589768301,0
-0.478219377267,-0.000524603085149,1
-0.479083275509,-0.000863898241443,1
-0.480280048486,-0.00119677297775,2
-0.480800798198,-0.000520749711697,0
-0.482641651561,-0.0018408533629,1
-0.484788911006,-0.00214725944516,2
-0.486226587255,-0.00143767624929,2
-0.48694396807,-0.000717380814515,0
-0.48893570623,-0.00199173816046,2
-0.490186949117,-0.00125124288655,1
-0.491688361296,-0.00150141217881,2
-0.492428736197,-0.000740374900971,2
-0.492402545848,2.61903486663e-05,2
-0.491609985819,0.000792560029579,0
-0.492056973629,-0.000446987810593,1
-0.492740172082,-0.000683198453044,2
-0.49265447962,8.56924625719e-05,0
-0.493800536175,-0.00114605655557,2
-0.494169781983,-0.000369245807514,1
-0.49475945862,-0.000589676637648,2
-0.494565160396,0.00019429822473,0
-0.495588339058,-0.00102317866223,2
-0.495821348845,-0.000233009787305,2
-0.495262448299,0.000558900545743,2
-0.493915814334,0.00134663396507,0
-0.531416609416,0.0,2
-0.530357981038,0.00105862837837,2
-0.528248662093,0.00210931894516,0
-0.52710447013,0.00114419196284,0
-0.526933985943,0.000170484187129,1
-0.526738488096,0.000195497847345,0
-0.527519442753,-0.000780954657118,2
-0.527270993084,0.00024844966854,2
-0.525995002342,0.00127599074258,0
-0.525701040053,0.000293962288369,1
-0.525391310886,0.000309729167258,0
-0.526068137769,-0.000676826882882,1
-0.526726444605,-0.000658306836,0
-0.528361294267,-0.00163484966265,1
-0.529960426255,-0.00159913198786,1
-0.53151184876,-0.0015514225043,2
-0.532003928789,-0.000492080029708,1
-0.53243297685,-0.000429048060762,2
-0.531795776158,0.000637200692603,0
-0.532097104157,-0.000301327999101,0
-0.533334701596,-0.00123759743952,0
-0.535499289972,-0.00216458837617,0
-0.53857464345,-0.00307535347766,0
-0.542537715701,-0.00396307225075,2
-0.545358822311,-0.00282110660984,0
-0.549016844458,-0.00365802214776,1
-0.552484415784,-0.00346757132579,2
-0.55473561585,-0.00225120006568,1
-0.556753629072,-0.00201801322228,2
-0.5575233907,-0.000769761627903,1
-0.558039156723,-0.000515766022593,2
-0.557297079216,0.00074207750611,0
-0.557302694717,-5.61550026922e-06,2
-0.556055961322,0.00124673339453,2
-0.55356618352,0.00248977780262,1
-0.550851952796,0.00271423072327,2
-0.546933550889,0.0039184019069,2
-0.541840281076,0.00509326981344,0
-0.537610268248,0.0042300128283,1
-0.533275200168,0.00433506807982,2
-0.527867569096,0.00540763107163,1
-0.522427922948,0.00543964614775,2
-0.515997058178,0.00643086477093,2
-0.508623201346,0.00737385683198,1
-0.501361623541,0.00726157780484,0
-0.495266700698,0.00609492284267,2
-0.488384012658,0.00688268803984,2
-0.480764944337,0.00761906832116,2
-0.472466246356,0.00829869798125,1
-0.464549540124,0.00791670623134,0
-0.458073390488,0.00647614963651,2
-0.451085522294,0.00698786819363,2
-0.443637224158,0.00744829813606,2
-0.435782902485,0.00785432167304,1
-0.428579607718,0.00720329476746,1
-0.422079344537,0.00650026318029,1
-0.41632876092,0.00575058361722,1
-0.411368887809,0.00495987311151,0
-0.408234925785,0.00313396202324,1
-0.405949023027,0.00228590275837,1
-0.40452728718,0.00142173584743,2
-0.402979716074,0.00154757110532,1
-0.40231717435,0.000662541724608,0
-0.403544307526,-0.00122713317608,0
-0.406652508597,-0.00310820107123,2
-0.409619923752,-0.002967415155,0
-0.414425619313,-0.0048056955611,1
-0.42003555324,-0.00560993392705,1
-0.42640977556,-0.00637422231942,0
-0.434502631483,-0.00809285592362,0
-0.44425578023,-0.00975314874691,1
-0.45459839809,-0.0103426178602,2
-0.464454830905,-0.00985643281461,1
-0.474752519499,-0.0102976885945,2
-0.48441524529,-0.00966272579043,2
-0.493371171221,-0.00895592593075,0
-0.503553493596,-0.0101823223752,2
-0.51288606499,-0.00933257139395,1
-0.522298967883,-0.00941290289332,1
-0.53172161931,-0.00942265142648,0
-0.542083355438,-0.0103617361279,2
-0.551306528259,-0.009223172821,1
-0.56032213216,-0.00901560390095,2
-0.568062867708,-0.00774073554833,1
-0.575471110651,-0.00740824294277,1
-0.582491879398,-0.00702076874758,1
-0.589073244261,-0.00658136486303,1
-0.595166702206,-0.00609345794472,0
-0.601727515104,-0.00656081289766,0
-0.608707712925,-0.00698019782167,2
-0.614056506649,-0.00534879372388,2
-0.617735163802,-0.00367865715291,0
-0.621717145492,-0.00398198169021,1
-0.624973820289,-0.00325667479703,2
-0.626481848656,-0.00150802836654,2
-0.626230447111,0.000251401544963,0
-0.626221412282,9.03482934391e-06,2
-0.624454808743,0.00176660353879,0
-0.622943273633,0.0015115351102,1
-0.620697636118,0.00224563751426,2
