-0.0117521756481,0.0357636775137,0.0168179063622,0.0425672279229,0
-0.0110369020978,-0.159595349167,0.0176692509206,0.340508558512,0
-0.0142288090812,-0.354964189398,0.0244794220908,0.638710563551,1
-0.0213280928692,-0.160191965284,0.0372536333619,0.353835991127,1
-0.0245319321748,0.0343810083297,0.0443303531844,0.0731290684032,0
-0.0238443120082,-0.161347515124,0.0457929345525,0.379462274974,1
-0.0270712623107,0.0330952327023,0.053382180052,0.101562326494,1
-0.0264093576567,0.227413116841,0.0554134265818,-0.173812385745,0
-0.0218610953199,0.031543677479,0.0519371788669,0.135824015254,1
-0.0212302217703,0.225884722905,0.054653659172,-0.140031802661,1
-0.0167125273122,0.42018304154,0.0518530231188,-0.414983931213,0
-0.00830886648139,0.224365972251,0.0435533444945,-0.106415155936,1
-0.00382154703636,0.418837600352,0.0414250413758,-0.38504533732,0
0.00455520497069,0.223152779819,0.0337241346294,-0.0795944426569,1
0.00901826056706,0.417775462588,0.0321322457763,-0.361449455451,0
0.0173737698188,0.222211869155,0.0249032566673,-0.0588102343543,1
0.0218180072019,0.416968066988,0.0237270519802,-0.34353314829,0
0.0301573685417,0.221516744159,0.0168563890144,-0.043463586763,1
0.0345877034249,0.416392975742,0.0159871172791,-0.33078086265,0
0.0429155629397,0.221047144399,0.00937150002612,-0.0330995485998,1
0.0473365058277,0.416033459491,0.00870950905412,-0.322810997147,0
0.0556571750175,0.220788576587,0.00225328911118,-0.0273942172373,1
0.0600729465493,0.415878141625,0.00170540476644,-0.319365355458,0
0.0683905093817,0.22073194368,-0.00468190234272,-0.0261450954564,1
0.0728051482554,0.415920723063,-0.00520480425185,-0.320301529862,0
0.0811235627166,0.220873280673,-0.0116108348491,-0.0292645346836,1
0.0855410283301,0.41615979732,-0.0121961255428,-0.325588073475,0
0.0938642242765,0.221213599381,-0.0187078870123,-0.036776096339,1
0.0982884962641,0.41659875883,-0.019443408939,-0.335302348557,0
0.106620471441,0.221758840715,-0.0261494559102,-0.0488137155654,0
0.111055648255,0.0270214204592,-0.0271257302215,0.235505486387,1
0.111596076664,0.222520212991,-0.0224156204937,-0.0656088089669,0
0.116046480924,0.0277266932278,-0.0237277966731,0.219918426227,1
0.116601014789,0.22317963827,-0.0193294281485,-0.0801537816318,0
0.121064607554,0.0283400351128,-0.0209325037812,0.206368528827,1
0.121631408256,0.223754967396,-0.0168051332046,-0.0928433599579,1
0.126106507604,0.419113705549,-0.0186620004038,-0.390780565961,0
0.134488781715,0.224261517274,-0.026477611723,-0.104039487641,0
0.138974012061,0.0295288236664,-0.0285584014758,0.180173660387,1
0.139564588534,0.225047552405,-0.0249549282681,-0.121379873426,0
0.144065539582,0.0302918567362,-0.0273825257366,0.163326724501,1
0.144671376717,0.225794881312,-0.0241159912466,-0.13786733427,0
0.149187274343,0.0310264941646,-0.026873337932,0.147110881167,1
0.149807804226,0.226522767562,-0.0239311203087,-0.15392745865,0
0.154338259578,0.031751499761,-0.0270096694817,0.131110710302,1
0.154973289573,0.227249734791,-0.0243874552756,-0.169969560872,0
0.159518284269,0.0324851835286,-0.0277868464931,0.114921192304,1
0.160167987939,0.227994033135,-0.025488422647,-0.186397155448,0
0.164727868602,0.0332458565839,-0.029216365756,0.0981374395829,0
0.165392785734,-0.161445445457,-0.0272536169643,0.381461371144,1
0.162163876824,0.0340526781014,-0.0196243895414,0.0803115136292,1
0.162844930386,0.229450370594,-0.0180181592688,-0.218497788947,0
0.167433937798,0.0345905594659,-0.0223881150478,0.0684474303115,0
0.168125748988,-0.160203380109,-0.0210191664415,0.353983559662,1
0.164921681385,0.035211042298,-0.0139394952483,0.0547474951107,1
0.165625902231,0.230530062802,-0.0128445453461,-0.24230065073,0
0.170236503487,0.0355939183298,-0.0176905583607,0.0463032530474,1
0.170948381854,0.230965014737,-0.0167644932997,-0.251908288743,0
0.175567682149,0.0360864152041,-0.0218026590746,0.0354400036396,0
0.176289410453,-0.158716205194,-0.0210938590018,0.321165012607,1
0.173115086349,0.0366996892751,-0.0146705587497,0.0219052466867,0
0.173849080134,-0.158208832481,-0.0142324538159,0.309923578394,1
0.170684903485,0.0371129769162,-0.00803398224804,0.0127863373307,1
0.171427163023,0.232349218918,-0.00777825550143,-0.282420539971,0
0.176074147402,0.0373390727767,-0.0134266663009,0.0077990464574,0
0.176820928857,-0.157587773235,-0.0132706853717,0.2962156392,1
0.173669173392,0.0377208240699,-0.0073463725877,-0.000622927110071,0
0.174423589874,-0.157295003112,-0.0073588311299,0.289733105951,1
0.171277689812,0.0379311044934,-0.00156416901088,-0.00526160334849,1
0.172036311901,0.233075453172,-0.00166940107785,-0.298437633784,0
0.176697820965,0.0379773382878,-0.00763815375353,-0.00628167293613,0
0.177457367731,-0.157034242718,-0.00776378721225,0.283981570311,1
0.174316682876,0.0381975762134,-0.00208415580603,-0.0111398627385,0
0.1750806344,-0.156894423494,-0.0023069530608,0.280884759893,1
0.171942745931,0.0382603591237,0.00331074213706,-0.0125248786673,1
0.172707953113,0.233334673856,0.00306024456372,-0.304161390697,0
0.17737464659,0.0381692444718,-0.00302298325023,-0.0105149069306,1
0.17813803148,0.233334418605,-0.00323328138884,-0.304150086226,0
0.182804719852,0.0382586944624,-0.00931628311337,-0.0124886125901,0
0.183569893741,-0.1567284185,-0.00956605536517,0.277240416674,1
0.180435325371,0.0385286908943,-0.00402124703169,-0.0184442240053,0
0.181205899189,-0.156535360915,-0.00439013151179,0.27296724457,1
0.178075191971,0.0386489560168,0.0010692133796,-0.021097103974,1
0.178848171091,0.233755557307,0.000647271300119,-0.313442489949,0
0.183523282237,0.0386243912952,-0.00562157849886,-0.0205555044962,0
0.184295770063,-0.156416491279,-0.00603268858878,0.270348461222,1
0.181167440237,0.0387910254446,-0.000625719364349,-0.0242310853788,1
0.181943260746,0.233921944445,-0.00111034107192,-0.317111368061,0
0.186621699635,0.038815825796,-0.00745256843314,-0.0247788106997,0
0.187398016151,-0.156198460592,-0.00794814464714,0.265543460649,1
0.184274046939,0.0390360246418,-0.00263727543415,-0.0296357470118,0
0.185054767432,-0.156048007342,-0.00322999037439,0.262213925246,1
0.181933807285,0.039119900693,0.00201428813053,-0.0314860252102,1
0.182716205299,0.23421290818,0.00138456762633,-0.32353274246,0
0.187400463463,0.0390712690253,-0.00508608722287,-0.0304135015442,0
0.188181888843,-0.155977376923,-0.00569435725375,0.260660380009,1
0.185062341305,0.0392253973539,-0.000481149653564,-0.0338131662133,0
0.185846849252,-0.155889650708,-0.00115741297783,0.258717914009,1
0.182729056238,0.0392488047833,0.00401694530236,-0.0343298525108,1
0.183514032333,0.234312922062,0.00333034825214,-0.325742689045,0
0.188200290775,0.0391437122751,-0.00318450552875,-0.0320113772856,0
0.18898316502,-0.155932427215,-0.00382473307446,0.259665105197,1
0.185864516476,0.0392439152301,0.00136856902948,-0.0342217358912,1
0.18664939478,0.234346214017,0.00068413431166,-0.326472550835,0
0.191336319061,0.0392145291354,-0.00584531670504,-0.033573956538,0
0.192120609643,-0.155823112422,-0.0065167958358,0.257258994493,1
0.189004147395,0.0393912691542,-0.00137161594594,-0.037472284443,0
0.189791972778,-0.155710986132,-0.0021210616348,0.254777568235,1
0.186677753055,0.0394411855595,0.00297448972991,-0.0385736224767,1
0.187466576767,0.234520356522,0.00220301728037,-0.330316585745,0
0.192156983897,0.0393671147216,-0.00440331443453,-0.0369397468385,0
0.192944326191,-0.155691416472,-0.0051421093713,0.254350643177,1
0.189830497862,0.0395035766258,-5.50965077548e-05,-0.0399497490649,0
0.190620569395,-0.155617584472,-0.000854091489054,0.252715793764,1
0.187508217705,0.0395165520319,0.00420022438622,-0.0402364071002,1
0.188298548746,0.234578021432,0.00339549624422,-0.331591167927,0
0.192990109174,0.0394079030868,-0.00323632711432,-0.0378394040746,0
0.193778267236,-0.15566748981,-0.00399311519581,0.253820674374,1
0.19066491744,0.0395112492205,0.00108329829166,-0.0401190728335,1
0.191455142424,0.234617649317,0.000280916834994,-0.33246001162,0
0.196147495411,0.0394917007582,-0.0063682833974,-0.0396885107817,0
0.196937329426,-0.155538353481,-0.00716205361303,0.250978375846,1
0.193826562356,0.0396851357055,-0.00214248609611,-0.0439549732337,0
0.19462026507,-0.155406027735,-0.00302158556079,0.24805120986,1
0.191512144516,0.039758945419,0.0019394386364,-0.0455832582864,1
0.192307323424,0.234853032557,0.00102777347068,-0.337653644018,0
0.197004384075,0.0397164709727,-0.00572529940968,-0.0446467908897,0
0.197798713495,-0.155322916213,-0.00661823522748,0.246224266166,1
0.19469225517,0.0398929303146,-0.00169374990416,-0.0485388376083,0
0.195490113777,-0.155204693039,-0.00266452665633,0.243609215418,1
0.192386019916,0.039955215557,0.00220765765204,-0.0499129782037,1
0.193185124227,0.235045441632,0.00120939808796,-0.341898553377,0
0.19788603306,0.0399063046988,-0.00562857297958,-0.0488344990912,0
0.198684159154,-0.155134487226,-0.00660526296141,0.242067262799,1
0.195581469409,0.0400811895741,-0.00176391770542,-0.0526917977428,0
0.196383093201,-0.155015424898,-0.00281775366027,0.239434077161,1
0.193282784703,0.0401466658402,0.00197092788294,-0.0541363152759,0
0.194085718019,-0.155003490192,0.000888201577424,0.239167802642,1
0.190985648216,0.040105761228,0.00567155763025,-0.0532348278179,1
0.19178776344,0.235145932385,0.0046068610739,-0.344122950232,0
0.196490682088,0.0399587483167,-0.00227559793074,-0.0499908686277,0
0.197289857054,-0.155130499239,-0.0032754153033,0.241973219813,1
0.194187247069,0.0400380855848,0.00156404909296,-0.0517410574252,0
0.194988008781,-0.155106257336,0.000529227944454,0.241434929174,1
0.191885883634,0.0400081300795,0.00535792652793,-0.0510810179557,1
0.192686046236,0.235052846206,0.00433630616881,-0.342068669877,0
0.19738710316,0.0398694703536,-0.00250506722873,-0.0480214886808,0
0.198184492567,-0.155216470744,-0.00346549700234,0.243870015795,1
0.195080163152,0.0399548077939,0.00141190331356,-0.0499039981359,1
0.195879259308,0.235056485253,0.000413823350846,-0.342141123191,0
0.200580389013,0.0399286489074,-0.00642899911297,-0.0493277296729,0
0.201378961991,-0.155100529041,-0.00741555370643,0.241319878838,1
0.19827695141,0.0401265613427,-0.00258915612967,-0.0536928578656,0
0.199079482637,-0.154958169345,-0.00366301328698,0.238172046268,1
0.19598031925,0.0402159200391,0.00110042763839,-0.0556640472223,0
0.196784637651,-0.154921792294,-1.28533060577e-05,0.237365869712,1
0.193686201805,0.0402003425522,0.00473446408818,-0.0553211114045,1
0.194490208656,0.235254089867,0.00362804186009,-0.346506526022,0
0.199195290454,0.0400807206316,-0.00330208866035,-0.0526817569543,0
0.199996904866,-0.154993727452,-0.00435572379943,0.238957507583,1
0.196897030317,0.0401901768266,0.000423426352225,-0.0550961502674,0
0.197700833854,-0.154937843132,-0.000678496653122,0.237720340776,1
0.194602076991,0.0401937947393,0.00407591016239,-0.0551765266589,1
0.195405952886,0.235257067081,0.00297237962922,-0.346570690458,0
0.200111094228,0.0400929623131,-0.00395903417995,-0.0529519481941,0
0.200912953474,-0.154971998272,-0.00501807314383,0.238479246599,1
0.197813513508,0.0402212801803,-0.000248488211849,-0.0557822920196,0
0.198617939112,-0.154897107228,-0.00136413405224,0.236822224523,1
0.195519996967,0.0402443064346,0.00337231043821,-0.0562906789092,1
0.196324883096,0.235317742253,0.00224649686003,-0.347907711397,0
0.201031237941,0.0401639104374,-0.00471165736791,-0.0545172328216,0
0.20183451615,-0.154890166545,-0.00580200202434,0.236675412908,1
0.198736712819,0.0403141941202,-0.00106849376618,-0.0578319787215,0
0.199542996701,-0.154792420534,-0.00222513334061,0.234513639091,1
0.196447148291,0.0403612521571,0.00246513944121,-0.0588703339224,0
0.197254373334,-0.154795957514,0.00128773276277,0.234589341382,1
0.194158454184,0.0403075712186,0.0059795195904,-0.0576871157411,1
0.194964605608,0.235343278589,0.00482577727558,-0.348477478453,0
0.19967147118,0.0401530240691,-0.00214377229347,-0.0542767328658,0
0.200474531661,-0.15493812297,-0.00322930695079,0.237729046677,1
0.197375769202,0.0402298139387,0.00152527398276,-0.0559707468098,0
0.198180365481,-0.154913974027,0.000405859046567,0.23719302502,1
0.195082086,0.0402021765056,0.00514971954697,-0.0553618541175,1
0.19588612953,0.235249911436,0.00404248246462,-0.346415566224,0
0.200591127759,0.0400706923941,-0.00288582885986,-0.0524606432154,0
0.201392541607,-0.155009760919,-0.00393504172416,0.239310385775,1
0.198292346388,0.0401681829752,0.000851165991333,-0.0546111626687,0
0.199095710048,-0.154965962383,-0.000241057262041,0.238340192112,1
0.1959963908,0.0401594317606,0.0045257465802,-0.0544187614347,1
0.196799579435,0.235216198781,0.0034373713515,-0.345670350598,0
0.201503903411,0.040045520455,-0.00347603566046,-0.0519054774522,0
0.20230481382,-0.1550264164,-0.0045141452095,0.239678707641,1
0.199204285492,0.040159729367,0.000279428943328,-0.0544246821434,0
0.200007480079,-0.15496622735,-0.000809064699541,0.238346393614,1
0.196908155532,0.0401672728489,0.00395786317273,-0.0545916258817,1
0.197711500989,0.235232251037,0.0028660306551,-0.34602319271,0
0.20241614601,0.0400696490538,-0.0040544331991,-0.0524378801929,0
0.203217538991,-0.154993932551,-0.00510319080295,0.238963087218,1
0.20011766034,0.0402005483717,-0.00032392905859,-0.055325153235,0
0.200921671308,-0.154916756701,-0.00143043212329,0.237255553877,1
0.0235163136597,0.0313005695468,0.0363028849179,-0.0490615317737,0
0.0241423250506,-0.164322619641,0.0353216542824,0.254850618459,0
0.0208558726578,-0.359930626688,0.0404186666516,0.558462021983,1
0.013657260124,-0.16539865328,0.0515879070912,0.278782232764,1
0.0103492870584,0.0289508615123,0.0571635517465,0.00280591139167,0
0.0109283042887,-0.16694232685,0.0572196699743,0.312962671602,1
0.00758945775169,0.0273197771716,0.0634789234064,0.0388598139321,1
0.00813585329512,0.221476715141,0.064256119685,-0.233138740613,0
0.0125653875979,0.0254983024013,0.0595933448728,0.0791005153158,1
0.013075353646,0.219717574086,0.0611753551791,-0.19420116241,0
0.0174697051277,0.0237763043907,0.0572913319309,0.117135280395,1
0.0179452312155,0.218032574159,0.0596340375388,-0.156936611218,1
0.0223058826987,0.412252266002,0.0564953053144,-0.430226269369,0
0.0305509280187,0.216377704826,0.047890779927,-0.120282399772,1
0.0348784821152,0.410781957781,0.0454851319316,-0.397479931775,1
0.0430941212708,0.605230077727,0.0375355332961,-0.675482425661,0
0.0551987228254,0.409607180027,0.0240258847829,-0.371221911418,0
0.0633908664259,0.214152278782,0.0166014465545,-0.0710612436561,1
0.0676739120016,0.409032336815,0.0151802216814,-0.358460447658,0
0.0758545587379,0.213697908722,0.00801101272824,-0.0610297506238,1
0.0801285169123,0.408704088625,0.00679041771576,-0.351174421893,0
0.0883025986848,0.213486231491,-0.000233070722097,-0.0563580197883,1
0.0925723233146,0.408611523788,-0.00136023111786,-0.349114473076,0
0.10074455379,0.21350894492,-0.00834252057937,-0.0568607833373,1
0.105014732689,0.408749513986,-0.00947973624612,-0.352164118382,0
0.113189722969,0.213763643026,-0.0165230186138,-0.0624854544192,1
0.117464995829,0.409118550326,-0.0177727277021,-0.360335362314,0
0.125647366836,0.214253684449,-0.0249794349484,-0.0733091331053,0
0.129932440525,0.0194985849088,-0.0264456176105,0.211389189462,1
0.130322412223,0.214988473839,-0.0222178338213,-0.0895172153253,0
0.1346221817,0.020191915121,-0.0240081781278,0.196074001584,1
0.135026020002,0.215648904233,-0.0200866980961,-0.104084717489,0
0.139338998087,0.0208204869557,-0.0221683924459,0.18219386192,1
0.139755407826,0.21625251699,-0.0185245152075,-0.117399127659,0
0.144080458166,0.0214008165709,-0.0208724977607,0.169382379771,1
0.144508474497,0.216815210382,-0.0174848501653,-0.129811431195,0
0.148844778705,0.0219480376467,-0.0200810787891,0.15730436393,1
0.149283739458,0.217351653941,-0.0169349915106,-0.141645405541,0
0.153630772536,0.0224762864314,-0.0197678996214,0.145647080397,1
0.154080298265,0.217875669016,-0.0168549580134,-0.15320611219,0
0.158437811645,0.0229990613533,-0.0199190802572,0.134112155442,1
0.158897792872,0.218400584138,-0.0172368371484,-0.164787805939,0
0.163265804555,0.0235295648074,-0.0205325932672,0.122407921561,1
0.163736395851,0.218939573444,-0.018084434836,-0.17668146504,0
0.16811518732,0.0240810347158,-0.0216180641368,0.110242014423,1
0.168596808014,0.219505986079,-0.0194132238483,-0.189182133585,0
0.172986927736,0.0246670733655,-0.02319686652,0.0973140357139,1
0.173480269203,0.220113674076,-0.0212505858057,-0.202596259467,0
0.177882542685,0.0253019809047,-0.0253025109951,0.0833080998856,0
0.178388582303,-0.169448300283,-0.0236363489974,0.367901870314,1
0.174999616297,0.0260013953678,-0.0162783115911,0.0678607783876,1
0.175519644205,0.221352899685,-0.0149210960233,-0.229913267512,0
0.179946702198,0.0264473124994,-0.0195193613736,0.0580259292121,0
0.180475648448,-0.168389406672,-0.0183588427893,0.344487006506,1
0.177107860315,0.026988834779,-0.0114691026592,0.0460718351133,1
0.17764763701,0.222273352029,-0.0105476659569,-0.250207517391,0
0.182093104051,0.0273036014381,-0.0155518163048,0.0391298840894,1
0.18263917608,0.222645072592,-0.014769218623,-0.258418939228,0
0.187092077532,0.0277370512241,-0.0199375974075,0.0295692145476,0
0.187646818556,-0.167093392371,-0.0193462131166,0.315895531596,1
0.184304950709,0.0282987089287,-0.0130283024846,0.0171747939987,0
0.184870924887,-0.166634001379,-0.0126848066047,0.305718831816,1
0.18153824486,0.028666393148,-0.00657042996834,0.00906257508593,1
0.182111572723,0.223881954068,-0.00638917846663,-0.285686138156,0
0.186589211804,0.0288517043203,-0.0121029012298,0.00497485971088,0
0.18716624589,-0.166094601481,-0.0120034040355,0.293814735747,1
0.183844353861,0.0291964098935,-0.00612710932059,-0.00262959421317,0
0.184428282059,-0.165837136114,-0.00617970120485,0.288113874562,1
0.181111539336,0.0293723928816,-0.000417423713608,-0.00651164844048,1
0.181698987194,0.224500328062,-0.000547656682418,-0.29932624828,0
0.186188993755,0.0293861874503,-0.00653418164802,-0.00681609230873,0
0.186776717504,-0.165641447736,-0.00667050349419,0.283798079652,1
0.18346388855,0.0295750057124,-0.000994541901158,-0.0109811993208,1
0.184055388664,0.224711205869,-0.00121416588757,-0.303977750067,0
0.188549612781,0.029606579138,-0.00729372088892,-0.0116779903716,0
0.189141744364,-0.165410015029,-0.00752728069636,0.278694785062,1
0.185833544063,0.0298185045756,-0.00195338499511,-0.0163526977814,1
0.186429914155,0.224968415128,-0.00228043895073,-0.309651299957,0
0.190929282457,0.0298790295376,-0.00847346494987,-0.0176884309484,0
0.191526863048,-0.165120383767,-0.00882723356884,0.272309019526,1
0.188224455373,0.0301264045734,-0.00338105317831,-0.023144925795,0
0.188826983464,-0.164946896363,-0.00384395169421,0.268469325383,1
0.185528045537,0.0302297008905,0.00152543481344,-0.0254235265737,1
0.186132639555,0.22532974292,0.00101696428197,-0.317624771465,0
0.190639234413,0.0301933218156,-0.00533553114733,-0.0246213037215,0
0.19124310085,-0.164851708409,-0.00582795722176,0.26637343852,1
0.187946066681,0.0303529337932,-0.000500488451368,-0.0281419619145,0
0.188553125357,-0.164761836501,-0.00106332768966,0.264383013273,1
0.185257888627,0.0303752757258,0.0042243325758,-0.0286351078733,1
0.185865394142,0.225436393239,0.00365163041834,-0.319982223416,0
0.190374122007,0.0302626279538,-0.00274801404997,-0.0261499504238,0
0.190979374566,-0.164819806961,-0.00327101305845,0.26566468195,1
0.187682978426,0.0303486770132,0.00204228058055,-0.0280481539795,1
0.188289951967,0.225441281049,0.00148131750096,-0.320086019676,0
0.192798777588,0.0302982649989,-0.00492040289256,-0.0269363095656,0
0.193404742888,-0.164752779536,-0.00545912908387,0.264190122938,1
0.190109687297,0.0304466646397,-0.000175326625101,-0.0302096563015,0
0.19071862059,-0.164672771857,-0.000779519751132,0.262417947917,1
0.187425165153,0.0304602977652,0.00446883920721,-0.0305107463698,1
0.188034371108,0.225517879175,0.00385862427982,-0.321780362584,0
0.192544728691,0.030341192604,-0.00257698297186,-0.0278830794881,0
0.193151552543,-0.164743708232,-0.00313464456162,0.263985667966,1
0.189856678379,0.0304228446435,0.00214506879769,-0.0296843070614,1
0.190465135272,0.225513968692,0.00155138265646,-0.321689670134,0
0.194975414646,0.0303699594048,-0.00488241074622,-0.0285179021377,0
0.195582813834,-0.164681635672,-0.00545276878898,0.262620580208,1
0.19228918112,0.0305177231162,-0.000200357184817,-0.0317772112144,1
0.192899535582,0.22564254698,-0.000835901409104,-0.324523346148,0
0.197412386522,0.030532507894,-0.00732636833206,-0.032104144751,0
0.19802303668,-0.164483617699,-0.00796845122708,0.258258259937,1
0.194733364326,0.0307511823744,-0.00280328602835,-0.0369273425879,0
0.195348387973,-0.164330457388,-0.0035418328801,0.25486980227,1
0.192061778826,0.0308418848653,0.0015555631653,-0.0389281715356,0
0.192678616523,-0.164302338519,0.000776999734583,0.254245144773,1
0.189392569753,0.0308085097733,0.00586190263004,-0.0381926014211,1
0.190008739948,0.225845912624,0.00509805060162,-0.329020289817,0
0.194525658201,0.0306517587894,-0.00148235519471,-0.034734043511,0
0.195138693376,-0.164448903694,-0.00217703606493,0.257480816415,1
0.191849715303,0.0307040608231,0.00297258026336,-0.0358879847656,1
0.192463796519,0.225783258749,0.00225482056805,-0.327631551521,0
0.196979461694,0.030629278947,-0.00429781046237,-0.0342384092862,0
0.197592047273,-0.164430777424,-0.00498257864809,0.257085420647,1
0.194303431724,0.0307619542298,0.00015912976484,-0.0371649144981,0
0.194918670809,-0.164362278567,-0.000584168525122,0.255568215143,1
0.191631425238,0.0307680083849,0.00452719577773,-0.037298910881,1
0.192246785405,0.225824747505,0.00378121756011,-0.328550030214,0
0.196763280355,0.0306491710017,-0.00278978304418,-0.0346770830514,0
0.197376263775,-0.164432663032,-0.0034833247052,0.257124334123,1
0.194087610515,0.0307388458052,0.00165916197727,-0.0366552484339,1
0.194702387431,0.225836965135,0.000926057008588,-0.328814231228,0
0.199219126734,0.0307018428369,-0.00565022761598,-0.0358394125683,0
0.19983316359,-0.164338629049,-0.00636701586735,0.255055467182,1
0.196546391009,0.0308736488949,-0.00126590652371,-0.0396289045046,0
0.197163863987,-0.164230126454,-0.0020584846138,0.252654347607,1
0.193879261458,0.0309211576603,0.00299460233834,-0.0406771524193,1
0.194497684611,0.226000038987,0.00218105928996,-0.33241375059,0
0.199017685391,0.0308471113382,-0.00446721572183,-0.0390438244536,0
0.199634627618,-0.164210496146,-0.0052480922109,0.252226310294,1
0.196350417695,0.0309859999084,-0.000203566005021,-0.0421073336788,0
0.196970137693,-0.164133031637,-0.0010457126786,0.250511359171,1
0.19368747706,0.0310038369838,0.00396451450481,-0.0425012231938,1
0.1943075538,0.226068714512,0.00311449004094,-0.333930675848,0
0.19882892809,0.0309025745821,-0.00356412347602,-0.0402672272,0
0.199446979582,-0.164168086647,-0.00436946802001,0.251289056079,1
0.196163617849,0.0310159864864,0.000656313101566,-0.0427688782586,0
0.196783937579,-0.164115369899,-0.000199064463606,0.250121049319,1
0.193501630181,0.0310094234802,0.00480335652277,-0.0426246599033,1
0.19412181865,0.226062167824,0.00395086332471,-0.333788219811,0
0.198643062007,0.0308842083989,-0.00272490107151,-0.0398620148216,0
0.199260746175,-0.164198562181,-0.00352214136794,0.251959934746,1
0.195976774931,0.0309735059768,0.00151705732698,-0.0418318590117,1
0.196596245051,0.226073670143,0.000680420146742,-0.334035753816,0
0.201117718454,0.0309420413853,-0.00600029492957,-0.0411383349273,0
0.201736559281,-0.164093355,-0.00682306162812,0.24964541707,1
0.198454692181,0.0311253660299,-0.00183015328672,-0.0451818128721,0
0.199077199502,-0.163970294002,-0.00273378954417,0.246923122311,1
0.195797793622,0.031190594225,0.00220467290206,-0.0466208492385,0
0.196421605506,-0.163962901046,0.00127225591729,0.246756855557,1
0.193142347485,0.0311408566508,0.00620739302843,-0.0455245009985,1
0.193765164618,0.226173249742,0.00529690300846,-0.336242492621,0
0.198288629613,0.0309763195845,-0.00142794684396,-0.0418939226801,0
0.198908156005,-0.164125126152,-0.00226582529756,0.250338131331,1
0.195625653482,0.0310291083624,0.00274093732907,-0.0430586210716,1
0.196246235649,0.226111648445,0.00187976490763,-0.334875497428,0
0.200768468618,0.0309629948234,-0.00481774504092,-0.0416003836082,0
0.201387728515,-0.164089540822,-0.00564975271309,0.249558612829,1
0.198105937698,0.0311126352083,-0.000658580456507,-0.0449009965928,0
0.198728190402,-0.16399986611,-0.00155660038836,0.247574069275,1
0.19544819308,0.0311442813221,0.00339488099713,-0.0455994375762,1
0.196071078707,0.226217387735,0.0024828922456,-0.337209317906,0
0.200595426461,0.0310601918281,-0.00426129411251,-0.0437444567973,0
0.201216630298,-0.164000395721,-0.00513618324846,0.247590951329,1
0.197936622383,0.0311945306369,-0.000184364221876,-0.0467076074658,0
0.198560512996,-0.163924776437,-0.00111851637119,0.24591714509,1
0.195282017467,0.0312131320746,0.00379982653061,-0.0471183783223,1
0.195906280109,0.226280390891,0.00285745896416,-0.338600007851,0
0.200431887927,0.031117895966,-0.00391454119287,-0.0450173688084,0
0.201054245846,-0.163947704603,-0.00481488856903,0.246427918041,1
0.197775291754,0.0312426817336,0.000113669791784,-0.0477698393936,0
0.198400145389,-0.16388089924,-0.000841726996089,0.244948949094,1
0.195122527404,0.0312530641833,0.00405725198579,-0.0479993600581,1
0.195747588687,0.22631660328,0.00309726478463,-0.339399431647,0
0.200273920753,0.0311507181052,-0.00369072384831,-0.0457414136694,0
0.200896935115,-0.163918116325,-0.0046055521217,0.245774774791,1
0.197618572789,0.0312693099694,0.000309943374123,-0.0483572870867,0
0.198243958988,-0.163857084213,-0.00065720236761,0.244423413478,1
0.194966817304,0.0312742477755,0.00423126590196,-0.0484667387759,1
0.195592302259,0.226335271339,0.00326193112644,-0.339811666439,0
0.200119007686,0.031167059007,-0.00353430220234,-0.0461018993603,0
0.200742348866,-0.163904034604,-0.00445634018954,0.245463830856,1
0.197464268174,0.0312812806327,0.000452936427577,-0.0486213945486,0
0.198089893787,-0.163847162383,-0.000519491463394,0.244204403258,1
0.194812950539,0.0312822050247,0.00436459660176,-0.0486423388431,1
0.19543859464,0.226341300524,0.00339174982489,-0.339945007907,0
0.19996542065,0.0311712537051,-0.00340715033324,-0.0461944490619,0
0.200588845724,-0.163901675767,-0.00433103931448,0.245411546484,1
0.197310812209,0.0312818657426,0.000577191615205,-0.0486343414365,0
0.197936449524,-0.163848357159,-0.000395495213525,0.244230638485,1
0.194659482381,0.0312792407915,0.00448911755618,-0.0485770111391,1
0.195285067196,0.226336535076,0.0035175773334,-0.33984020832,0
0.0110607703849,0.0241327090333,-0.018614759386,-0.00508236615154,0
0.0115434245655,-0.170717401706,-0.018716406709,0.281669740187,0
0.0081290765314,-0.36556744975,-0.0130830119053,0.568391318889,0
0.000817727536396,-0.560503475052,-0.00171518552752,0.856924036727,1
-0.0103923419646,-0.365358196389,0.015423295207,0.563702285004,0
-0.0176995058924,-0.560693124297,0.0266973409071,0.861204097158,1
-0.0289133683784,-0.365944708829,0.0439214228503,0.577033658546,1
-0.0362322625549,-0.171465015923,0.0554620960212,0.298504197807,1
-0.0396615628734,0.0228242916246,0.0614321799773,0.0238158513842,0
-0.0392050770409,-0.173122397365,0.061908497005,0.335231147903,1
-0.0426675249882,0.0210663569918,0.0686131199631,0.0626955069079,1
-0.0422461978484,0.215140895936,0.0698670301012,-0.207574894697,0
-0.0379433799296,0.0190930510842,0.0657155322073,0.106303622783,1
-0.037561518908,0.213214728119,0.0678416046629,-0.164943915084,0
-0.0332972243456,0.0171905241952,0.0645427263613,0.148346137225,1
-0.0329534138617,0.211331697115,0.0675096491058,-0.123296883351,1
-0.0287267799194,0.405424772915,0.0650437114387,-0.393940542903,0
-0.0206182844611,0.209443052423,0.0571649005807,-0.0814802253402,1
-0.0164294234126,0.40370093197,0.0555352960739,-0.355593744781,1
-0.00835540477322,0.597991109256,0.0484234211782,-0.630260722775,0
0.0036044174119,0.40222810044,0.0358182067227,-0.322729492387,1
0.0116489794207,0.596822184747,0.029363616875,-0.603905097654,0
0.0235854231156,0.401302136269,0.0172855149219,-0.302119789283,0
0.031611465841,0.205938144789,0.0112431191362,-0.00403589211571,1
0.0357302287368,0.400897063826,0.0111624012939,-0.293150380245,1
0.0437481700133,0.595858101633,0.00529939368904,-0.582292040322,0
0.055665332046,0.40066230488,-0.00634644711739,-0.287944442076,0
0.0636785781436,0.205631429969,-0.0121053359589,0.00273013588139,1
0.0677912067429,0.400924878466,-0.0120507332413,-0.293747455374,0
0.0758097043123,0.205976792615,-0.0179256823488,-0.00488938895899,1
0.0799292401645,0.401351175723,-0.0180234701279,-0.303173748504,0
0.087956263679,0.206490666518,-0.024086945098,-0.0162290714116,1
0.0920860770094,0.401949623923,-0.0244115265262,-0.316413337577,0
0.100125069488,0.207183737379,-0.0307397932778,-0.0315278284856,0
0.104268744235,0.0125157877187,-0.0313703498475,0.251300069482,1
0.10451905999,0.208071331309,-0.0263443484579,-0.0511102934747,0
0.108680486616,0.0133368414583,-0.0273665543273,0.233145741674,1
0.108947223445,0.208838911321,-0.0227036394939,-0.0680423199251,0
0.113124001672,0.0140496945532,-0.0240644858924,0.217391908025,1
0.113404995563,0.209507242519,-0.0197166477319,-0.0827838020179,0
0.117595140413,0.0146733930877,-0.0213723237722,0.203613849414,1
0.117888608275,0.210094366496,-0.0173000467839,-0.0957336503494,0
0.122090495605,0.0152245861867,-0.0192147197909,0.191441318988,1
0.122394987328,0.21061607193,-0.0153858934112,-0.1072405866,0
0.126607308767,0.0157179451334,-0.0175307051432,0.180548727033,1
0.12692166767,0.21108631047,-0.0139197306025,-0.117612554168,0
0.131143393879,0.0161665382191,-0.0162719816859,0.170646510443,1
0.131466724643,0.211517565624,-0.012859051477,-0.127124989623,0
0.135697075956,0.0165821673783,-0.0154015512695,0.161473475945,1
0.136028719303,0.211921182522,-0.0121720817506,-0.136028172568,0
0.140267142954,0.0169756730859,-0.0148926452019,0.152789925904,1
0.140606656416,0.212307666149,-0.0118368466838,-0.144553847992,0
0.144852809739,0.0173572140174,-0.0147279236437,0.144371392766,1
0.145199954019,0.212686955225,-0.0118404957884,-0.15292129565,0
0.149453693123,0.0177365278174,-0.0148989217014,0.136002822631,1
0.14980842368,0.213068678503,-0.0121788652488,-0.161343005366,0
0.15406979725,0.0181231791131,-0.0154057253561,0.127473059685,1
0.154432260832,0.213462399797,-0.0128562641624,-0.170030105299,0
0.158701508828,0.0185268007067,-0.0162568662684,0.118569491394,1
0.159072044842,0.213877857775,-0.0138854764405,-0.179197681852,0
0.163349601998,0.0189573337343,-0.0174694300775,0.109072719319,1
0.163728748672,0.214325206242,-0.0152879756911,-0.189070124871,0
0.168015252797,0.0194252724942,-0.0190693781886,0.0987511223133,1
0.168403758247,0.214815260509,-0.0170943557423,-0.199886629846,0
0.172700063457,0.0199419196257,-0.0210920883392,0.0873551777179,1
0.17309890185,0.215359755256,-0.0193449847849,-0.211906989784,0
0.177406096955,0.0205196573354,-0.0235831245805,0.0746114019717,0
0.177816490102,-0.174256405899,-0.0220908965411,0.359761459091,1
0.174331361984,0.0211724916013,-0.0148956673593,0.0601954426877,1
0.174754811816,0.216504813213,-0.0136917585055,-0.237149699203,0
0.17908490808,0.0215811196689,-0.0184347524896,0.0511831843897,0
0.179516530473,-0.1732717125,-0.0174110888018,0.337993259687,1
0.176051096223,0.022093615288,-0.0106512236081,0.0398710835629,1
0.176492968529,0.217366671647,-0.00985380193681,-0.256153286577,0
0.180840301962,0.0223867836735,-0.0149768676684,0.0334053755777,0
0.181288037635,-0.172517227112,-0.0143087601568,0.321325569196,1
0.177837693093,0.0228055374266,-0.00788224877288,0.0241647828168,1
0.178293803842,0.218039634923,-0.00739895311655,-0.27099462322,0
0.18265459654,0.023024042698,-0.0128188455809,0.0193454857613,0
0.183115077394,-0.17191174863,-0.0124319358657,0.307956511399,1
0.179676842422,0.0233851176974,-0.00627280563773,0.0113789544112,1
0.180144544775,0.218596464946,-0.00604522654951,-0.283276498349,0
0.184516474074,0.0235612572608,-0.0117107565165,0.00749368177837,0
0.18498769922,-0.17139080436,-0.0115608828809,0.296458838658,1
0.181559883132,0.0238940310937,-0.00563170610776,0.00015233685611,0
0.182037763754,-0.171146702302,-0.00562865937063,0.291053084668,1
0.178614829708,0.0240550527344,0.000192402322723,-0.00339972675787,1
0.179095930763,0.219174244097,0.000124407787566,-0.296021942102,0
0.183479415645,0.0240505195443,-0.00579603105447,-0.0032997816485,0
0.183960426036,-0.170987830613,-0.00586202668744,0.287548805928,1
0.180540669424,0.0242172250319,-0.000111050568885,-0.00697717260478,1
0.181025013924,0.219340768698,-0.00025059402098,-0.299695135166,0
0.185411829298,0.0242223903009,-0.0062444967243,-0.00709125140185,0
0.185896277104,-0.170809451874,-0.00638632175234,0.283614938008,1
0.182480088067,0.0244030023284,-0.000714022992182,-0.0110753378281,0
0.182968148113,-0.170708701567,-0.000935529748743,0.281382220668,1
0.179553974082,0.0244265817492,0.00469211466461,-0.0115956219231,1
0.180042505717,0.219480928566,0.00446020222615,-0.302794444776,0
0.184432124288,0.0242956954364,-0.00159568666937,-0.00870821214401,1
0.184918038197,0.219440494624,-0.00176985091225,-0.301894169946,0
0.189306848089,0.0243438129492,-0.00780773431118,-0.00976994166737,0
0.189793724348,-0.170665299384,-0.00800313314452,0.280439360391,1
0.186380418361,0.024569894549,-0.00239434593671,-0.0147569479543,0
0.186871816252,-0.170517637051,-0.00268948489579,0.277169573601,1
0.183461463511,0.0246425802657,0.00285390657622,-0.0163604012368,1
0.183954315116,0.219723486996,0.00252669855149,-0.30814152227,0
0.188348784856,0.0245656246023,-0.00363613189391,-0.0146628145412,0
0.188840097348,-0.170503991673,-0.00392938818473,0.276870655125,1
0.185430017514,0.024673797771,0.00160802491776,-0.0170490060255,1
0.18592349347,0.219772651143,0.00126704479725,-0.309224148605,0
0.190318946493,0.0246326697883,-0.00491743817484,-0.0161419004605,0
0.190811599889,-0.170418415446,-0.00524027618405,0.274985468975,1
0.18740323158,0.0247779088336,0.000259433195451,-0.0193456314605,1
0.187898789756,0.219896138535,-0.000127479433759,-0.311946692805,0
0.192296712527,0.024776003687,-0.00636641328986,-0.0193039718641,0
0.192792232601,-0.170254070238,-0.00675249272715,0.271363497575,1
0.189387151196,0.0249635822599,-0.00132522277564,-0.0234415230912,0
0.189886422841,-0.170139338987,-0.00179405323746,0.268822986415,1
0.186483636061,0.0250081690808,0.00358240649084,-0.0244252559752,1
0.186983799443,0.220078562694,0.00309390137133,-0.315975743545,0
0.191385370697,0.024912678742,-0.00322561349956,-0.0223187131924,0
0.191883624272,-0.170162865835,-0.00367198776341,0.269344752691,1
0.188480366955,0.0250112941392,0.00171490729041,-0.0244940755274,1
0.188980592838,0.220108610148,0.00122502577986,-0.316635436722,0
0.193382765041,0.0249692315342,-0.00510768295458,-0.0235664309447,0
0.193882149671,-0.170079099752,-0.00557901157348,0.267500597356,1
0.190480567676,0.0251220269621,-0.000228999626354,-0.0269367568406,0
0.190983008216,-0.169996639481,-0.000767734763166,0.265673909261,1
0.187583075426,0.0251362608912,0.00454574342205,-0.0272510690353,1
0.188085800644,0.220192728769,0.00400072204134,-0.31849630394,0
0.192489655219,0.0250140264695,-0.00236920403747,-0.0245543843356,0
0.192989935749,-0.170073868292,-0.00286029172418,0.267380091182,1
0.189588458383,0.0250887871426,0.00248731009946,-0.0262036190826,1
0.190090234126,0.220174980196,0.0019632377178,-0.318100735041,0
0.19449373373,0.0250251221943,-0.00439877698303,-0.0247993206454,0
0.194994236173,-0.170033471417,-0.00489476339593,0.266492502838,1
0.191593566745,0.0251579954306,0.000435086660818,-0.0277302447318,0
0.192096726654,-0.169970192538,-0.000119518233818,0.265089924993,1
0.188697322803,0.0251534643496,0.00518228026603,-0.0276306966095,1
0.18920039209,0.220200715998,0.00462966633384,-0.318674061866,0
0.19360440641,0.0250131343408,-0.00174381490348,-0.0245347100454,0
0.194104669097,-0.170083765686,-0.00223450910438,0.267597513722,1
0.190702993783,0.0250700041524,0.00311744117005,-0.0257893553594,1
0.191204393866,0.220147110296,0.00260165406287,-0.317487066473,0
0.195607336072,0.0249882002184,-0.00374808726659,-0.0239848066391,0
0.196107100076,-0.170079800039,-0.00422778339937,0.267513203414,1
0.192705504076,0.0251022326143,0.00112248066891,-0.026500193652,1
0.193207548728,0.220208068614,0.000592476795873,-0.318828754034,0
0.1976117101,0.0250776841812,-0.00578409828481,-0.0259590405898,0
0.198113263784,-0.169960842811,-0.0063032790966,0.264893340622,1
0.194714046928,0.0252505052543,-0.00100541228416,-0.0297710162738,0
0.195219057033,-0.16985701333,-0.00160083260964,0.262594522522,1
0.191821916766,0.0252877518465,0.0036510578408,-0.030592894761,1
0.192327671803,0.220357155086,0.00303919994558,-0.322121640763,0
0.196734814905,0.0251920571265,-0.00340323286969,-0.0284818224305,0
0.197238656047,-0.169880924507,-0.0039728693183,0.263125406989,1
0.193841037557,0.0252975091096,0.00128963882147,-0.0308079534695,1
0.194346987739,0.220400942493,0.000673479752083,-0.323083706468,0
0.198755006589,0.0252694076522,-0.00578819437728,-0.0301884675556,0
0.199260394742,-0.169769061267,-0.0063919637284,0.260662615384,1
0.195865013517,0.0254435502726,-0.00117871142071,-0.0340295446052,0
0.196373884522,-0.169661478013,-0.00185930231282,0.258281253442,1
0.192980654962,0.0254869678907,0.00330632275603,-0.0349875440065,1
0.19349039432,0.220561349861,0.0026065718759,-0.326625460463,0
0.197901621317,0.0254023850736,-0.00392593733336,-0.0331216764817,0
0.198409669018,-0.16966304725,-0.00458837086299,0.25831999449,1
0.195016408073,0.0255241076104,0.000578029026819,-0.0358066321282,0
0.195526890226,-0.169606127896,-0.000138103615745,0.257058612758,1
0.192134767668,0.0255177947561,0.00500306863942,-0.0356678708913,1
0.192645123563,0.220567644823,0.0042897112216,-0.326768088281,0
0.197056476459,0.0253848832969,-0.00224565054402,-0.0327354685156,0
0.197564174125,-0.169704792476,-0.00290035991433,0.259238086569,1
0.194170078276,0.0254584436267,0.00228440181706,-0.0343582409076,1
0.194679247148,0.220547561433,0.00159723699891,-0.326319540514,0
0.199090198377,0.0254029058969,-0.00492915381138,-0.0331333431167,0
0.199598256495,-0.16964801371,-0.00559182067371,0.257990316649,1
0.196205296221,0.0255533210197,-0.000432014340733,-0.0364510944342,0
0.196716362641,-0.169562432378,-0.00116103622942,0.256095496139,1
0.193325113994,0.0255760762484,0.00396087369336,-0.0369534140902,1
0.193836635518,0.220641004692,0.00322180541155,-0.328384017727,0
0.198249455612,0.0254733355723,-0.003345874943,-0.0346868242791,0
0.198758922324,-0.169600475398,-0.00403961142858,0.256938568909,1
0.195366912816,0.0255789159016,0.00109915994961,-0.037015771803,0
0.195878491134,-0.169558780148,0.000358844513548,0.256013748414,1
0.192487315531,0.0255580458245,0.00547911948183,-0.0365559714158,1
0.192998476447,0.220600998734,0.00474800005351,-0.327505156221,0
0.197410496422,0.025411774081,-0.0018021030709,-0.0333287126516,0
0.197918731904,-0.169684287992,-0.00246867732393,0.25878508725,1
0.194525046144,0.025472819209,0.00270702442107,-0.0346754719285,1
0.195034502528,0.2205558465,0.0020135149825,-0.326503076484,0
0.199445619458,0.0254052859125,-0.00451654654719,-0.0331858559888,0
0.199953725176,-0.169651606009,-0.00518026366696,0.258068637476,1
0.196560693056,0.0255439165849,-1.88909174436e-05,-0.0362437085571,0
0.197071571388,-0.16957776373,-0.000743765088585,0.256433257934,1
0.193680016113,0.025554798551,0.00438490007009,-0.0364841714456,1
0.194191112084,0.220613595965,0.00365521664118,-0.327780398233,0
0.198603384003,0.0254397979956,-0.00290039132349,-0.0339470257087,0
0.199112179963,-0.169640440784,-0.00357933183766,0.257819387808,1
0.195719371148,0.0255324277745,0.00157705591849,-0.0359903609859,0
0.196230019703,-0.169612103191,0.000857248698771,0.257189725702,1
0.0227355420402,-0.011189214321,-0.0211027066052,-0.0479918024146,0
0.0225117577538,-0.206002312119,-0.0220625426535,0.23795904518,0
0.0183917115114,-0.400802238645,-0.0173033617499,0.523601961521,0
0.0103756667385,-0.595676442967,-0.00683132251943,0.810782574667,0
-0.00153786212082,-0.790704141262,0.0093843289739,1.10130890292,1
-0.0173519449461,-0.595706919341,0.0314105070324,0.811584901585,1
-0.0292660833329,-0.401029012801,0.0476422050641,0.528945255383,0
-0.0372866635889,-0.596787702783,0.0582211101717,0.83625161672,1
-0.0492224176446,-0.402507274678,0.0749461425061,0.562432086779,1
-0.0572725631381,-0.208512614228,0.0861947842417,0.294270497948,1
-0.0614428154227,-0.0147185263826,0.0920801942007,0.0299684478215,0
-0.0617371859504,-0.21103206137,0.0926795631571,0.35022459801,1
-0.0659578271778,-0.0173419839612,0.0996840551173,0.0881451657289,1
-0.066304666857,0.176220286381,0.101446958432,-0.171498276382,1
-0.0627802611294,0.369754968012,0.0980169929043,-0.430533485872,0
-0.0553851617691,0.173391589763,0.0894063231868,-0.108631306373,1
-0.0519173299738,0.367126161715,0.0872336970594,-0.37182202191,0
-0.0445748067395,0.170880234435,0.0797972566212,-0.052958261076,1
-0.0411572020508,0.364772699036,0.0787380913996,-0.319435973038,1
-0.0338617480701,0.558690136326,0.0723493719389,-0.586285837289,0
-0.0226879453436,0.362633407485,0.0606236551931,-0.271717928982,1
-0.0154352771939,0.556840257507,0.0551892966135,-0.544680613016,0
-0.00429847204375,0.360987987998,0.0442956843532,-0.235132081304,1
0.00292128771621,0.555449992963,0.0395930427271,-0.513520296112,1
0.0140302875755,0.749992595749,0.0293226368048,-0.793468191568,0
0.0290301394904,0.554480661256,0.0134532729735,-0.491706739281,0
0.0401197527156,0.3591715533,0.00361913818784,-0.194814445831,1
0.0473031837816,0.554241548285,-0.000277150728784,-0.486353497714,0
0.0583880147473,0.359123508951,-0.0100042206831,-0.193757932266,1
0.0655704849263,0.554387129433,-0.0138793793284,-0.489579897793,0
0.0766582275149,0.359463705126,-0.0236709772842,-0.201303329518,0
0.0838475016175,0.164688151877,-0.0276970438746,0.0838195349631,1
0.087141264655,0.360195955026,-0.0260206531753,-0.217471582405,0
0.0943451837555,0.165455454825,-0.0303700848234,0.0668910743363,1
0.097654292852,0.360999364285,-0.0290322633367,-0.235216963905,0
0.104874280138,0.166303981603,-0.0337366026148,0.0481687548335,1
0.10820035977,0.361893039233,-0.0327732275181,-0.254964568749,0
0.115438220554,0.167253980927,-0.0378725188931,0.0272036345312,0
0.118783300173,-0.0273049601466,-0.0373284462025,0.307700916213,1
0.11823720097,0.168328454262,-0.0311744278782,0.00348320477559,0
0.121603770055,-0.026332862019,-0.0311047637827,0.286169507894,1
0.121077112815,0.16921856539,-0.0253813736248,-0.0161590727408,0
0.124461484123,-0.0255303645356,-0.0257045550796,0.268408909519,1
0.123950876832,0.169948810295,-0.0203363768893,-0.0322692967248,1
0.127349853038,0.365356401424,-0.0209817628238,-0.33129855743,0
0.134656981066,0.170539299065,-0.0276077339723,-0.0453054110923,0
0.138067767048,-0.0241761168025,-0.0285138421942,0.238540769857,1
0.137584244712,0.171341332015,-0.0237430267971,-0.0629981226262,0
0.141011071352,-0.0234322966973,-0.0250029892496,0.222100180268,1
0.140542425418,0.172037941938,-0.0205609856442,-0.0783636468354,0
0.143983184257,-0.0227833153302,-0.0221282585809,0.207761966256,1
0.14352751795,0.172647951201,-0.0179730192558,-0.0918183424449,0
0.146980476974,-0.0222118386774,-0.0198093861047,0.195140351379,1
0.146536240201,0.173187788136,-0.0159065790771,-0.103725161509,0
0.149999995963,-0.0217026370762,-0.0179810823073,0.183897156773,1
0.149565943222,0.173671918795,-0.0143031391718,-0.114403455369,0
0.153039381598,-0.0212421975622,-0.0165912082792,0.173732833523,1
0.152614537646,0.174113229258,-0.0131165516088,-0.124137567734,0
0.156096802232,-0.0208183764118,-0.0155993029634,0.164378532933,1
0.155680434703,0.174523366325,-0.0123117323048,-0.13318444038,0
0.15917090203,-0.0204200854996,-0.0149754211124,0.155589017818,1
0.15876250032,0.174913044316,-0.011863640756,-0.141780432235,0
0.162260761206,-0.0200370059587,-0.0146992494007,0.147136236028,1
0.161860021087,0.175292325287,-0.0117565246801,-0.150147531805,0
0.165365867593,-0.0196593227473,-0.0147594753163,0.138803392784,1
0.164972681138,0.17567087952,-0.0119834074606,-0.158499126036,0
0.168486098728,-0.0192774739342,-0.0151533899813,0.130379370686,1
0.16810054925,0.17605823276,-0.0125458025676,-0.167045475651,0
0.171621713905,-0.0188819087212,-0.0158867120806,0.121653355407,1
0.17124407573,0.176464006268,-0.0134536449725,-0.175999037569,0
0.174773355856,-0.0184628483905,-0.0169736257238,0.112409531112,1
0.174404098888,0.176898155507,-0.0147254351016,-0.185579768885,0
0.177942061998,-0.0180100444714,-0.0184370304793,0.102421712501,1
0.177581861109,0.177371213081,-0.0163885962293,-0.196020544015,0
0.18112928537,-0.0175125284609,-0.0203090071096,0.0914477802717,0
0.180779034801,-0.212337585612,-0.0184800515041,0.377654662884,1
0.176532283089,-0.016958116721,-0.0109269582464,0.079202675592,1
0.176193120754,0.178318757762,-0.0093429047346,-0.216907611291,0
0.17975949591,-0.0166683938152,-0.0136810569604,0.0728135768351,0
0.179426128033,-0.211591564505,-0.0122247854237,0.361148865004,1
0.175194296743,-0.0162980004064,-0.00500180812364,0.0646364104778,1
0.174868336735,0.178895305162,-0.00370907991409,-0.229620410817,0
0.178446242838,-0.0161734473437,-0.00830148813042,0.0618902382386,0
0.178122773891,-0.211175396284,-0.00706368336564,0.351942473353,1
0.173899265966,-0.0159537111864,-2.48338985782e-05,0.0570405455671,1
0.173580191742,0.1791685961,0.00111597701276,-0.235650216438,0
0.177163563664,-0.0159692816077,-0.003597027316,0.0573845150274,1
0.176844178032,0.179204059471,-0.00244933701546,-0.23643112639,0
0.180428259221,-0.0158828127519,-0.00717795954326,0.055478199801,0
0.180110602966,-0.210901111414,-0.00606839554725,0.345887809881,1
0.175892580738,-0.0156933669482,0.000849360650372,0.0512974872814,1
0.175578713399,0.179416395084,0.001875310396,-0.241117338199,0
0.179167041301,-0.0157322941845,-0.00294703636799,0.052156521914,1
0.178852395417,0.179431789759,-0.00190390592971,-0.241454760187,0
0.182441031212,-0.0156629132749,-0.00673300113344,0.0506270159662,0
0.182127772947,-0.210687676258,-0.00572046081411,0.341178042252,1
0.177914019421,-0.015484804072,0.00110310003092,0.0466967184683,1
0.17760432334,0.179621312067,0.00203703440029,-0.245637966338,0
0.181196749581,-0.0155296739613,-0.00287572492648,0.0476867930679,1
0.180886156102,0.17963339466,-0.00192198906513,-0.24590206136,0
0.184478823995,-0.0154610531417,-0.00684003029233,0.0461740053909,0
0.184169602932,-0.210484257979,-0.00591655018451,0.336691016179,1
0.179959917773,-0.0152786110844,0.00081727013907,0.0421482151801,1
0.179654345551,0.179831611171,0.00166023444267,-0.250276743069,0
0.183250977775,-0.0153140093797,-0.00334530041872,0.0429293930379,0
0.182944697587,-0.210387830732,-0.00248671255796,0.33455497127,1
0.178736940972,-0.0152305764058,0.00420438686744,0.0410889021436,1
0.178432329444,0.179830833092,0.00502616491031,-0.250264539954,0
0.182028946106,-0.0153625315476,2.08741112391e-05,0.0439994949958,1
0.181721695475,0.17975912034,0.000900864011156,-0.248676845783,0
0.185316877882,-0.0153756846426,-0.0040726729045,0.0442900969022,1
0.185009364189,0.179804429346,-0.00318687096646,-0.249675008567,0
0.188605452776,-0.015271866639,-0.0081803711378,0.0420010110153,0
0.188300015443,-0.210275563869,-0.00734035091749,0.332091767611,1
0.184094504166,-0.0150499044968,-0.000698515565275,0.0371031239068,1
0.183793506076,0.18008205655,4.35469128619e-05,-0.255800109816,0
0.187395147207,-0.0150405163888,-0.00507245528346,0.0368965521074,0
0.187094336879,-0.210089361952,-0.00433452424131,0.327974761076,1
0.18289254964,-0.0149059712951,0.00222497098021,0.0339280792935,1
0.182594430214,0.180184002521,0.00290353256608,-0.258052016158,0
0.186198110265,-0.0149792803488,-0.00225750775709,0.0355453115289,0
0.185898524658,-0.210068785747,-0.00154660152651,0.327515117227,1
0.181697148943,-0.0149248500397,0.00500370081804,0.0343448630838,1
0.181398651942,0.18012499042,0.00569059807971,-0.256755153111,0
0.18500115175,-0.0150777420272,0.0005554950175,0.0377172314544,1
0.18469959691,0.180036238948,0.00130983964659,-0.254790379326,0
0.188300321689,-0.0151043898115,-0.00378596793994,0.03830540546,1
0.187998233893,0.180071647091,-0.00301985983074,-0.255569623637,0
0.191599666834,-0.0150070574433,-0.00813125230348,0.0361592614516,0
0.191299525686,-0.210011466737,-0.00740806707445,0.326265643742,1
0.187099296351,-0.0147848301555,-0.000882754199606,0.0312557724839,1
0.186803599748,0.180349769077,-0.000257638749927,-0.261705542021,0
0.190410595129,-0.0147685034937,-0.00549174959034,0.0308961113297,0
0.190115225059,-0.209811271273,-0.00487382736375,0.321841284979,1
0.185918999634,-0.0146202551298,0.00156299833584,0.027625338639,1
0.185626594531,0.180479246732,0.00211550510862,-0.264564035364,0
0.189236179466,-0.0146728354695,-0.00317577559866,0.028785390944,0
0.188942722757,-0.209749100334,-0.00260006777978,0.320464636196,1
0.18474774075,-0.0145902175499,0.00380922494414,0.0269628824612,1
0.184455936399,0.180476899934,0.00434848259336,-0.264515761495,0
0.188065474398,-0.0147068472124,-0.000941832636538,0.0295355409906,0
0.187771337453,-0.209815279319,-0.000351121816727,0.321921160594,1
0.183575031867,-0.0146883297603,0.00608730139515,0.0291275244856,1
0.183281265272,0.180345799043,0.00666985188486,-0.261628592902,0
0.186888181253,-0.0148707239189,0.00143728002683,0.0331506000432,1
0.186590766774,0.180230586681,0.00210029202769,-0.259078503397,0
0.190195378508,-0.0149212851853,-0.00308127804026,0.0342661441596,1
0.189896952804,0.180244716679,-0.00239595515707,-0.259387363229,0
0.193501847138,-0.0148429484956,-0.00758370242164,0.0325388844512,0
0.193204988168,-0.209855329686,-0.00693292473262,0.322819457393,1
0.189007881574,-0.0146353448096,-0.000476535584759,0.0279582540092,1
0.188715174678,0.180493437021,8.26294954257e-05,-0.26487498696,0
0.192325043418,-0.0146296934732,-0.00521487024377,0.0278340008539,0
0.192032449549,-0.209676473005,-0.00465819022669,0.318867027055,1
0.187838920089,-0.0144884894612,0.0017191503144,0.0247187252579,1
0.187549150299,0.18060876551,0.00221352481956,-0.267421294801,0
0.19116132561,-0.0145447063889,-0.00313490107646,0.0259589716688,0
0.190870431482,-0.209621560617,-0.00261572164309,0.317651155751,1
0.18667800027,-0.0144624514899,0.00373730147194,0.0241444722332,1
0.18638875124,0.180605704622,0.00422019091661,-0.267356954412,0
0.190000865332,-0.0145762209388,-0.00112694817164,0.0266540592348,0
0.189709340913,-0.209681992736,-0.000593866986945,0.318981208399,1
0.185515701059,-0.0145515885843,0.00578575718103,0.0261110569005,1
0.185224669287,0.180486914391,0.00630797831904,-0.264740797771,0
0.188834407575,-0.0147245003921,0.00101316236362,0.0299250320661,1
0.188539917567,0.180382906837,0.00161166300494,-0.262438058886,0
0.192147575704,-0.0147620125657,-0.00363709817277,0.0307527687764,0
0.191852335452,-0.209831617476,-0.00302204279725,0.322285936283,1
0.187655703103,-0.0146667626607,0.00342367592841,0.0286515116212,1
0.18736236785,0.180405923853,0.00399670616084,-0.262949244478,0
0.190970486327,-0.0147728476458,-0.00126227872872,0.0309916029671,1
0.190675029374,0.180367182545,-0.000642446669381,-0.262089318973,0
0.194282373025,-0.0147455922128,-0.00588423304883,0.0303909034587,0
0.19398746118,-0.209782668053,-0.00527641497966,0.321211497948,1
0.189791807819,-0.0145859754829,0.00114781497931,0.0268692760661,1
0.18950008831,0.180519496405,0.00168520050063,-0.26545128145,0
0.193110478238,-0.0146264666093,-0.00362382512837,0.0277626961374,0
0.192817948906,-0.209696262614,-0.00306857120562,0.319300066633,1
0.188624023653,-0.0145307435527,0.00331743012704,0.0256510077985,1
0.188333408782,0.180543476256,0.00383045028301,-0.265983389104,0
0.191944278307,-0.0146329347678,-0.00148921749907,0.0279052292916,1
0.191651619612,0.18051034118,-0.000931112913232,-0.265247189826,0
0.195261826436,-0.01459830806,-0.00623605670975,0.0271419100118,0
0.194969860274,-0.209630276946,-0.00569321850952,0.317850786208,1
0.190777254736,-0.0144277025047,0.000663797214645,0.023377872621,1
0.190488700685,0.180684722957,0.00113135466707,-0.269095544727,0
0.194102395145,-0.014453355328,-0.00425055622747,0.0239440035755,0
0.193813328038,-0.209514092595,-0.00377167615596,0.315282806557,1
0.189623046186,-0.0143386194608,0.00253397997519,0.0214128090499,1
0.189336273797,0.180746900409,0.00296223615619,-0.270469541949,0
0.192951211805,-0.0144171966431,-0.00244715468279,0.0231462153858,0
0.192662867872,-0.209503968018,-0.00198423037508,0.315056033472,1
0.188472788512,-0.0143538084771,0.00431689029437,0.021748007068,1
0.188185712342,0.180705969002,0.00475185043573,-0.269569771067,0
0.191799831722,-0.0144834703075,-0.000639544985609,0.024608121129,1
0.191510162316,0.180647646703,-0.00014738256303,-0.26827652074,0
0.19512311525,-0.0144722008737,-0.00551291297784,0.0243599169724,0
0.194833671233,-0.209514659912,-0.00502571463839,0.315298371507,1
0.190643378035,-0.0143214819771,0.00128025279175,0.0210347483269,1
0.190356948395,0.180782085718,0.00170094775829,-0.271243969159,0
-0.0140114401885,-0.0141904848378,0.0370507793417,-0.00951474630007,0
-0.0142952498853,-0.209823667471,0.0368604844157,0.294624069666,0
-0.0184917232347,-0.405451212564,0.0427529658091,0.598700589762,1
-0.026600747486,-0.21095270532,0.0547269776043,0.319784962125,0
-0.0308198015924,-0.406809618906,0.0611226768468,0.629212193574,1
-0.0389559939705,-0.212591506886,0.0737069207183,0.35638793239,1
-0.0432078241082,-0.0185906501285,0.0808346793661,0.0878269713061,1
-0.0435796371108,0.175285171283,0.0825912187922,-0.178297631216,0
-0.0400739336852,-0.020915615816,0.0790252661679,0.13925458228,1
-0.0404922460015,0.172990782154,0.0818103578135,-0.127488025489,1
-0.0370324303584,0.36685124997,0.0792605973037,-0.393280724108,0
-0.029695405359,0.170699265998,0.0713949828216,-0.0766982456361,1
-0.026281420039,0.364728949752,0.0698610179088,-0.346029026343,0
-0.018986841044,0.168686396041,0.062940437382,-0.0321600660668,1
-0.0156131131232,0.362851927121,0.0622972360606,-0.304339389815,1
-0.00835607458077,0.557033309635,0.0562104482643,-0.576742897954,0
0.00278459161194,0.361170381228,0.0446755903053,-0.266895351057,1
0.0100079992365,0.555627195042,0.0393376832841,-0.545159276969,0
0.0211205431373,0.359975210635,0.0284344977447,-0.240346046486,1
0.02832004735,0.554679675969,0.023627576815,-0.523926069626,0
0.0394136408694,0.359233305977,0.0131490554225,-0.223892482326,1
0.046598306989,0.554164879327,0.00867120577598,-0.512398854409,0
0.0576816045755,0.358921871793,-0.0015767713122,-0.216996050701,1
0.0648600420114,0.554066328248,-0.00591669232622,-0.51017594208,0
0.0759413685763,0.359028226236,-0.0161202111678,-0.219363407252,0
0.083121933101,0.164140370951,-0.0205074793129,0.0681912568277,1
0.0864047405201,0.359550241559,-0.0191436541763,-0.230890691868,0
0.0935957453512,0.164706999872,-0.0237614680137,0.055692727196,1
0.0968898853487,0.360161451927,-0.0226476134697,-0.244391402749,0
0.104093114387,0.165370179332,-0.0275354415247,0.0410627467332,1
0.107400517974,0.360875940665,-0.0267141865901,-0.260179124716,0
0.114618036787,0.166145329724,-0.0319177690844,0.0239595343667,0
0.117940943382,-0.0285046979495,-0.031438578397,0.306403633688,1
0.117370849423,0.167050814297,-0.0253105057233,0.00397389683663,1
0.120711865709,0.362526438896,-0.0252310277865,-0.29658611983,0
0.127962394486,0.167773088793,-0.0311627501831,-0.0119662105727,0
0.131317856262,-0.0268884089706,-0.0314020743946,0.270723902474,1
0.130780088083,0.168667247671,-0.0259875963451,-0.0316956603715,0
0.134153433036,-0.0260725754931,-0.0266215095525,0.252675947654,1
0.133631981526,0.169419193655,-0.0215679905995,-0.0482836021116,0
0.1370203654,-0.0253869563107,-0.0225336626417,0.237517163156,1
0.136512626273,0.170049551168,-0.0177833193786,-0.06218751039,0
0.139913617297,-0.0248129734454,-0.0190270695864,0.224832038983,1
0.139417357828,0.170575674438,-0.0145304288067,-0.0737915030543,0
0.142828871317,-0.0243349847672,-0.0160062588678,0.214271826443,1
0.142342171621,0.171012101756,-0.0117208223389,-0.0834169073233,0
0.145762413656,-0.0239398911074,-0.0133891604854,0.205545152794,1
0.145283615834,0.171370943661,-0.00927825742954,-0.0913311353476,1
0.148711034707,0.366624645665,-0.0111048801365,-0.386926850524,0
0.156043527621,0.171662078762,-0.018843417147,-0.0977657994912,0
0.159476769196,-0.023184808223,-0.0207987331368,0.188913006873,1
0.159013073032,0.17222843267,-0.0170204729993,-0.110257843472,0
0.162457641685,-0.0226455386531,-0.0192256298688,0.177006996346,1
0.162004730912,0.172746196797,-0.0156854899419,-0.121678429249,0
0.165459654848,-0.0221475567046,-0.0181190585269,0.166014893841,1
0.165016703714,0.173229011472,-0.01479876065,-0.132328564838,0
0.168481283943,-0.021677864575,-0.0174453319468,0.155649059052,1
0.168047726652,0.173689465018,-0.0143323507658,-0.142486010396,0
0.171521515952,-0.0212243218941,-0.0171820709737,0.145641074771,1
0.171097029514,0.174139421546,-0.0142692494783,-0.152412564782,0
0.174579817945,-0.0207753351837,-0.0173175007739,0.135734788671,1
0.174164311241,0.174590326832,-0.0146028050005,-0.162360854193,0
0.177656117778,-0.0203195631317,-0.0178500220844,0.125679736999,1
0.177249726515,0.175053499672,-0.0153364273444,-0.172580798453,0
0.180750796509,-0.0198456308576,-0.0187880433134,0.115224784044,1
0.180353883892,0.175540415698,-0.0164835476325,-0.183325920009,0
0.183864692206,-0.0193418464857,-0.0201500660327,0.104111817409,1
0.183477855276,0.176062990354,-0.0180678296845,-0.194859653936,0
0.186999115083,-0.0187959134498,-0.0219650227633,0.0920693418963,0
0.186623196814,-0.213596261288,-0.0201236359253,0.377742181193,1
0.182351271588,-0.0181943760145,-0.0125687923015,0.0787827491912,1
0.181987384068,0.177105477616,-0.0109931373177,-0.217839019902,0
0.18552949362,-0.0178576136467,-0.0153499177157,0.0713560290651,0
0.185172341347,-0.212756175527,-0.0139227971344,0.359156732476,1
0.180917217837,-0.0174390990601,-0.00673966248488,0.0621163430259,1
0.180568435856,0.177778831661,-0.00549733562436,-0.232685348306,0
0.184124012489,-0.0172641403987,-0.0101510425905,0.0582584805109,0
0.183778729681,-0.212239084407,-0.00898587298027,0.347721473186,1
0.179533947993,-0.0169904830704,-0.00203144351655,0.0522185841425,1
0.179194138331,0.17816053761,-0.000987071833701,-0.241104586855,0
0.182757349084,-0.0169472996348,-0.00580916357081,0.0512668273685,0
0.182418403091,-0.211985474125,-0.00478382702344,0.34211126826,1
0.178178693608,-0.0167957899588,0.00205839834176,0.0479236524103,1
0.177842777809,0.178296585028,0.00301687138997,-0.24410912143,0
0.18140870951,-0.0168683269186,-0.00186531103864,0.0495238731125,1
0.181071342971,0.178280321383,-0.000874833576389,-0.243746991219,0
0.184636949399,-0.0168291232316,-0.00574977340077,0.0486598626709,0
0.184300366934,-0.211868157588,-0.00477657614736,0.339523154176,1
0.180063003783,-0.016678567366,0.00201388693617,0.0453378008267,1
0.179729432435,0.178414447988,0.0029206429527,-0.246709046411,0
0.183297721395,-0.0167490940446,-0.00201353797552,0.046893685865,1
0.182962739514,0.178401671965,-0.00107566425822,-0.24642384951,0
0.186530772953,-0.0167048998747,-0.00600414124841,0.0459195937076,0
0.186196674956,-0.211740242888,-0.00508574937426,0.336702128097,1
0.181961870098,-0.0165462877468,0.00164829318768,0.0424197780022,1
0.181630944343,0.178551988688,0.00249668874772,-0.24974264113,0
0.185201984117,-0.0166055276168,-0.00249816407488,0.043726746678,1
0.184869873565,0.178552157005,-0.00162362914132,-0.24974332627,0
0.188440916705,-0.0165465702038,-0.00661849566672,0.0424270320495,0
0.188109985301,-0.211572991814,-0.00576995502573,0.333014433694,1
0.183878525464,-0.016369392618,0.000890333648155,0.0385175516163,1
0.183551137612,0.178739779893,0.00166068468048,-0.253884333096,0
0.18712593321,-0.0164058441197,-0.00341700198143,0.0393219403547,0
0.186797816328,-0.21147862941,-0.00263056317434,0.330924813425,1
0.182568243739,-0.0163193321033,0.00398793309417,0.0374134956408,1
0.182241857097,0.178745205381,0.00473620300699,-0.254008534694,0
0.185816761205,-0.0164440504089,-0.000343967686884,0.040164503667,1
0.185487880197,0.17868283158,0.000459322386456,-0.252626928499,0
0.189061536828,-0.0164456753827,-0.00459321618353,0.0402008418456,0
0.188732623321,-0.211501460218,-0.00378919934661,0.331431031882,1
0.184502594116,-0.0163257779802,0.00283942129103,0.0375555883353,1
0.184176078557,0.178755340826,0.00359053305774,-0.254230121533,0
0.187751185373,-0.0164176929354,-0.00149406937292,0.0395831564443,1
0.187422831514,0.178725651236,-0.000702406244031,-0.253570789339,0
0.190997344539,-0.0163862634716,-0.00577382203082,0.0388905031058,0
0.19066961927,-0.211424944242,-0.0049960119687,0.329746153523,1
0.186441120385,-0.016232230557,0.00159891110177,0.0354919156069,1
0.186116475774,0.178866755446,0.00230874941391,-0.256686109654,0
0.189693810883,-0.0162880819783,-0.00282497277916,0.036724138029,1
0.189368049243,0.17887426559,-0.00209049001858,-0.256848756101,0
0.192945534555,-0.0162177771952,-0.00722746514061,0.0351740650232,0
0.192621179011,-0.211235342945,-0.00652398384015,0.325567917189,1
0.188396472152,-0.0160211134908,-1.26254963739e-05,0.0308347669272,1
0.188076049882,0.179101018783,0.00060406984217,-0.261852143356,0
0.191658070258,-0.0160295500614,-0.00463297302495,0.0310212530308,0
0.191337479257,-0.211084756623,-0.00401254796433,0.322238833619,1
0.187115784124,-0.0159058966388,0.00243222870805,0.028293214568,1
0.186797666192,0.179181090454,0.00299809299941,-0.263621325974,0
0.190381288001,-0.0159835259159,-0.00227433352007,0.0300057209161,0
0.190061617482,-0.211072788137,-0.00167421910174,0.321970203932,1
0.18584016172,-0.0159270355587,0.00476518497689,0.0287597651247,1
0.185521621008,0.179126256739,0.00534038027938,-0.262415892442,0
0.189104146143,-0.0160715157789,9.20624305495e-05,0.0319466554528,1
0.188782715828,0.179049115101,0.000730995539606,-0.260707223273,0
0.19236369813,-0.0160832635581,-0.00448314892585,0.0322061791836,0
0.192042032858,-0.211140638404,-0.00383902534217,0.3234712598,1
0.18781922009,-0.0159642328538,0.00263039985382,0.0295801381928,1
0.187499935433,0.179119898237,0.00322200261767,-0.262271709438,0
0.191082333398,-0.0160478964207,-0.00202343157109,0.0314257301089,1
0.19076137547,0.179103013276,-0.00139491696891,-0.261894923662,0
0.194343435735,-0.015998998383,-0.00663281544215,0.0303477036504,0
0.194023455767,-0.211025206274,-0.00602586136914,0.320930547047,1
0.189802951642,-0.0158179616176,0.000392749571796,0.0263534036531,1
0.18948659241,0.179298355063,0.000919817644858,-0.266205580423,0
0.193072559511,-0.0158367120067,-0.00440429396361,0.0267673227077,0
0.192755825271,-0.210895226246,-0.00386894750946,0.318057398052,1
0.188537920746,-0.0157183848202,0.00249220045158,0.024156859346,1
0.188223553049,0.179367737504,0.0029753376385,-0.267738709198,0
0.1918109078,-0.0157965496594,-0.00237943654546,0.0258811737353,0
0.191494976806,-0.210884297141,-0.00186181307075,0.317812412875,1
0.187277290863,-0.015735877821,0.00449443518676,0.0245429185075,1
0.186962573307,0.179321331829,0.00498529355691,-0.266718581366,0
0.190548999944,-0.0158714136555,-0.00034907807042,0.0275325687356,1
0.190231571671,0.179255541856,0.000201573304292,-0.265260475649,0
0.193816682508,-0.0158692858021,-0.00510363620869,0.0274860224427,0
0.193499296792,-0.210917676706,-0.00455391575984,0.318554335941,1
0.189280943258,-0.0157311635961,0.00181717095897,0.0244387555204,1
0.188966319986,0.17936468071,0.00230594606938,-0.2676702798,0
0.1925536136,-0.0157901039179,-0.00304745952663,0.0257390664006,0
0.192237811521,-0.210868219786,-0.00253267819862,0.31745892972,1
0.188020447126,-0.0157102870253,0.00381650039579,0.0239783628591,1
0.187706241385,0.179356724768,0.00429606765298,-0.267497975479,0
0.191293375881,-0.0158262740994,-0.0010538918566,0.0265368610792,0
0.190976850399,-0.210933095846,-0.000523154635016,0.318887087024,1
0.186758188482,-0.0158036976344,0.00585458710547,0.0260392223042,1
0.186442114529,0.179233806879,0.00637537155155,-0.264790781847,0
0.190026790667,-0.0159785573593,0.00107955591462,0.0298961602113,1
0.189707219519,0.179127895764,0.00167747911885,-0.262445959558,0
0.193289777435,-0.0160179600126,-0.00357144007231,0.0307655908911,0
0.192969418234,-0.211088513229,-0.00295612825449,0.322319553448,1
0.18874764797,-0.0159245914626,0.00349026281447,0.0287058494648,1
0.188429156141,0.179147133614,0.00406437980376,-0.262873820705,0
0.192012098813,-0.0160325961927,-0.00119309661034,0.0310882802239,1
0.191691446889,0.179106444312,-0.00057133100586,-0.261970842521,0
0.195273575775,-0.0160073467799,-0.00581074785628,0.0305318250436,0
0.19495342884,-0.211045488677,-0.00520011135541,0.321375748581,1
0.190732519066,-0.0158498717882,0.00122740361621,0.0270574561268,1
0.19041552163,0.179254456055,0.00176855273875,-0.265237958619,0
0.194000610751,-0.0158926926996,-0.00353620643362,0.0280022609642,0
0.193682756897,-0.210963754186,-0.00297616121434,0.319567381184,1
0.189463481814,-0.0157995437214,0.00341518640935,0.0259473718862,1
0.189147490939,0.179273264872,0.00393413384707,-0.265656071729,0
0.192732956237,-0.0159046150942,-0.00137898758751,0.0282651149542,1
0.192414863935,0.179237084573,-0.000813685288422,-0.264852578457,0
0.195999605626,-0.015873243447,-0.00611073685756,0.0275735932403,0
0.195682140757,-0.210907031592,-0.00555926499275,0.318322267937,1
0.191464000125,-0.0157063450097,0.000807180365989,0.023891347133,1
0.191149873225,0.179404021215,0.00128500730865,-0.268536795861,0
0.19473795365,-0.0157362448878,-0.00408572860856,0.0245511536704,0
0.194423228752,-0.210799365576,-0.00359470553515,0.315942191669,1
0.19020724144,-0.0156263960679,0.00272413829823,0.0221277877594,1
0.189894713519,0.179456382588,0.00316669405342,-0.269694398784,0
0.193483841171,-0.0157106154397,-0.00222719392226,0.0239856369102,0
0.193169628862,-0.210800555986,-0.00174748118406,0.315965027466,1
0.188953617742,-0.0156537571863,0.00457181936526,0.0227315169983,1
0.188640542598,0.179402332359,0.00502644970523,-0.268505449385,0
0.192228589246,-0.0157909899031,-0.000343659282468,0.0257586053078,1
0.191912769448,0.179335887984,0.000171512823688,-0.267032730067,0
0.195499487207,-0.0157885106283,-0.00516914177765,0.0257042883171,0
0.195183716995,-0.210835952104,-0.00465505601131,0.31675182087,1
