-0.0489830093833,0.0394418638128,0.0125015827135,-0.0260314386532,0
-0.0481941721071,-0.155857118165,0.0119809539404,0.270569511795,0
-0.0513113144704,-0.351147970594,0.0173923441763,0.567007082366,0
-0.0583342738822,-0.546509524617,0.0287324858236,0.865118184197,1
-0.0692644643746,-0.351790194761,0.0460348495075,0.581605933452,1
-0.0763002682698,-0.157342462015,0.0576669681766,0.303772802007,1
-0.0794471175101,0.0369122663103,0.0637424242167,0.0298197612778,0
-0.0787088721839,-0.159063130522,0.0643388194423,0.34191344318,1
-0.0818901347943,0.0350872602088,0.0711770883059,0.0701929764391,1
-0.0811883895902,0.22912040791,0.0725809478346,-0.199211402239,0
-0.076605981432,0.0330394485188,0.0685967197899,0.115455730055,1
-0.0759451924616,0.227114880482,0.070905834391,-0.154821145519,0
-0.0714028948519,0.0310531031392,0.0678094114806,0.1593613863,1
-0.0707818327891,0.225142024583,0.0709966392066,-0.11118222722,1
-0.0662789922975,0.419178609474,0.0687729946622,-0.380648397055,0
-0.057895420108,0.223150907804,0.0611600267211,-0.0670986127202,1
-0.0534324019519,0.417345104399,0.0598180544667,-0.339875442627,1
-0.045085499864,0.611567169004,0.0530205456142,-0.613111449062,0
-0.0328541564839,0.415745927242,0.0407583166329,-0.304211618044,1
-0.024539237939,0.610264039258,0.034674084272,-0.583766836004,0
-0.0123339571539,0.414673934936,0.022998747552,-0.280365891015,1
-0.00404047845515,0.609460392814,0.0173914297317,-0.565707272416,0
0.00814872940113,0.414098826177,0.00607728428334,-0.267596415812,0
0.0164307059247,0.21889067205,0.000725355967092,0.0269971187025,1
0.0208085193657,0.414002213611,0.00126529834114,-0.265456862012,0
0.0290885636379,0.218862226028,-0.0040438388991,0.0276248826641,1
0.0334658081585,0.414041934635,-0.00349134124582,-0.266331171868,0
0.0417466468511,0.218969986329,-0.00881796468318,0.0252485149842,1
0.0461260465777,0.414217277196,-0.00831299438349,-0.270203483101,0
0.0544103921216,0.21921493488,-0.0137170640455,0.0198459313768,1
0.0587946908192,0.414530890053,-0.013320145418,-0.277133129505,0
0.0670853086203,0.219601479078,-0.0188628080081,0.0113190411916,1
0.0714773382019,0.414988797829,-0.0186364271842,-0.287255135262,0
0.0797771141584,0.220137509426,-0.0243815298895,-0.000507749911516,1
0.0841798643469,0.415600488531,-0.0243916848877,-0.300782536452,0
0.0924918741176,0.220834535465,-0.0304073356168,-0.0158909544672,0
0.0969085648269,0.0261615600579,-0.0307251547061,0.267045143076,1
0.097431796028,0.22170823708,-0.0253842518446,-0.0351682054242,1
0.10186596077,0.417184834215,-0.0260876159531,-0.335750806784,0
0.110209657454,0.222443674485,-0.0328026320888,-0.051407351036,0
0.114658530944,0.0278070578214,-0.0338307791095,0.230748270024,1
0.1152146721,0.223395691346,-0.029215813709,-0.0724111565954,0
0.119682585927,0.0287045059825,-0.0306640368409,0.210912766966,1
0.120256676047,0.224251168529,-0.0264457815016,-0.0912831498213,0
0.124741699417,0.0295180597119,-0.028271444498,0.192940221613,1
0.125332060611,0.225032790841,-0.0244126400658,-0.108525377913,0
0.129832716428,0.0302690246163,-0.026583147624,0.176356616423,1
0.130438096921,0.225761125025,-0.0230560152956,-0.12459245486,0
0.134953319421,0.030976939493,-0.0255478643927,0.160728301406,1
0.135572858211,0.226455147614,-0.0223332983646,-0.139903580569,0
0.140101961163,0.0316600636759,-0.025131369976,0.145650735095,1
0.140735162437,0.227132732105,-0.0222183552741,-0.154853524147,0
0.145277817079,0.0323358351331,-0.0253154257571,0.130738043364,1
0.145924533782,0.227811104944,-0.0227006648898,-0.169822850804,0
0.15048075588,0.0330213075376,-0.0260971219059,0.115613141917,1
0.151141182031,0.228507279921,-0.0237848590675,-0.185187652059,0
0.15571132763,0.0337335749988,-0.0274886121087,0.0998981794923,0
0.15638599913,-0.160983852333,-0.0254906485189,0.38378334338,1
0.153166322083,0.0344905595156,-0.0178149816513,0.0831735418722,1
0.153856133273,0.229863292805,-0.0161515108138,-0.215076382248,0
0.158453399129,0.0349759284387,-0.0204530384588,0.072468197017,1
0.159152917698,0.230385039081,-0.0190036745185,-0.226596936505,0
0.16376061848,0.0355397589809,-0.0235356132485,0.060031466439,0
0.164471413659,-0.159236971417,-0.0223349839198,0.345196815481,1
0.161286674231,0.0361954609575,-0.0154310476102,0.0455553433664,0
0.16201058345,-0.15870185736,-0.0145199407428,0.333329967272,1
0.158836546303,0.036623714925,-0.00785334139737,0.036103780896,1
0.159569020601,0.231857398902,-0.00713126577945,-0.25904657298,0
0.164206168579,0.0368379758071,-0.012312197239,0.031378549048,0
0.164942928096,-0.158105267963,-0.0116846262581,0.320151556833,1
0.161780822736,0.0371811234134,-0.00528159512142,0.0238067645018,1
0.162524445205,0.232378417691,-0.00480545983138,-0.270537874862,0
0.167172013558,0.0373253691778,-0.0102162173286,0.0206255199716,0
0.167918520942,-0.157648592022,-0.0098037069292,0.310067684023,1
0.164765549102,0.0376116569987,-0.00360235324874,0.0143091419497,1
0.165517782242,0.232785084746,-0.00331617040975,-0.279508189671,0
0.170173483936,0.0377105961263,-0.00890633420318,0.0121269820227,0
0.170927695859,-0.157282501529,-0.00866379456272,0.301986600396,1
0.167782045828,0.0379618518316,-0.0026240625548,0.00658393802733,1
0.168541282865,0.233121337337,-0.00249238379426,-0.286925755879,0
0.173203709612,0.0380350188898,-0.00823089891185,0.00497005281137,0
0.17396440999,-0.156967928087,-0.00813149785562,0.295044708126,1
0.170825051428,0.0382690004223,-0.00223060369311,-0.000191636732469,1
0.171590431436,0.233422870608,-0.00223443642776,-0.293577510698,0
0.176258888848,0.0383328477563,-0.00810598664172,-0.00160013070414,0
0.177025545804,-0.156671919336,-0.0081379892558,0.288514276125,1
0.173892107417,0.0385651304534,-0.0023677037333,-0.00672414359027,1
0.174663410026,0.233720957726,-0.0025021866051,-0.300153168211,0
0.17933782918,0.0386347608181,-0.00850524996932,-0.00826043100986,0
0.180110524397,-0.156364186991,-0.00867045858952,0.281726897863,1
0.176983240657,0.0388803597159,-0.00303592063227,-0.0136779967506,0
0.177760847851,-0.15619792122,-0.00330948056728,0.278045516859,1
0.174636889427,0.0389710864239,0.00225142976991,-0.0156793769036,1
0.175416311155,0.234060677137,0.00193784223184,-0.307651101507,0
0.180097524698,0.0389111670566,-0.00421517979831,-0.0143576607514,0
0.180875748039,-0.156150080286,-0.00450233301334,0.276992351728,1
0.177752746434,0.0390358135844,0.00103751402122,-0.017107203057,1
0.178533462705,0.234142870274,0.00069536996008,-0.309462601509,0
0.183216320111,0.0390110183083,-0.0054938820701,-0.0165604555738,0
0.183996540477,-0.156031714912,-0.00582509118158,0.274384035871,1
0.180875906179,0.039172862248,-0.000337410464162,-0.0201304292896,1
0.181659363424,0.234299650668,-0.000740019049955,-0.312919793934,0
0.186345356437,0.0391882495246,-0.00699841492863,-0.0204703379356,0
0.187129121427,-0.155832641428,-0.00740782168734,0.269996317557,1
0.184012468599,0.0393942341879,-0.0020078953362,-0.0250138406346,1
0.184800353283,0.234544922693,-0.00250817214889,-0.318329604141,0
0.189491251736,0.0394587840187,-0.0088747642317,-0.0264387184223,0
0.190280427417,-0.155534779105,-0.00940353860015,0.263430961424,1
0.187169731835,0.0397201247208,-0.00413491937167,-0.032203044727,0
0.187964134329,-0.155342286534,-0.00477898026621,0.259172408009,1
0.184857288599,0.0398475618546,0.000404467893968,-0.0350140360251,0
0.185654239836,-0.155280187206,-0.000295812826534,0.257796477182,1
0.182548636091,0.0398459859725,0.00486011671711,-0.0349797387496,1
0.183345555811,0.234897905791,0.00416052194212,-0.326125294342,0
0.188043513927,0.0397169662071,-0.00236198394471,-0.0321332289688,0
0.188837853251,-0.155371033573,-0.00300464852409,0.259803531776,1
0.185730432579,0.0397936816618,0.00219142211143,-0.0338255849673,1
0.186526306213,0.234884138675,0.00151491041209,-0.325816290236,0
0.191223988986,0.0397406511208,-0.00500141539264,-0.0326560112973,0
0.192018802009,-0.155309221885,-0.00565453561858,0.258444728968,1
0.188912617571,0.039892996769,-0.000485641039229,-0.0360163426249,1
0.189710477506,0.235021908809,-0.00120596789173,-0.328852454629,0
0.194410915682,0.0399171464419,-0.0077830169843,-0.0365500783672,0
0.195209258611,-0.155092335244,-0.00851401855165,0.253667100738,1
0.192107411906,0.0401501435292,-0.00344067653688,-0.0416890940711,0
0.192910414777,-0.154922300603,-0.0042744584183,0.249906283235,1
0.189811968765,0.0402604304784,0.000723667246403,-0.0441218257024,0
0.190617177374,-0.154871890333,-0.000158769267646,0.248789337024,1
0.187519739568,0.0402523279226,0.00481701747284,-0.0439436648346,1
0.188324786126,0.235304875043,0.00393814417615,-0.335102893412,0
0.193030883627,0.0401270985862,-0.00276391369208,-0.0411806875853,0
0.193833425599,-0.154955109797,-0.00358752744379,0.250628917692,1
0.190734323403,0.0402178877217,0.00142505091005,-0.0431834254345,1
0.191538681157,0.235319375255,0.00056138240136,-0.335416394755,0
0.196245068662,0.0401894391095,-0.00614694549373,-0.0425564902397,0
0.197048857445,-0.154843829786,-0.00699807529853,0.248180695536,1
0.193951980849,0.0403773607342,-0.0020344613878,-0.0467013371838,0
0.194759528064,-0.154715358656,-0.00296848813148,0.245339005045,1
0.19166522089,0.0404488646217,0.00193829196943,-0.0482787742727,1
0.192474198183,0.235542968744,0.000972716483976,-0.340349523251,0
0.197185057558,0.040407190794,-0.00583427398104,-0.0473600161997,0
0.197993201374,-0.154630617301,-0.00678147430503,0.243476450004,1
0.194900589028,0.0405875380998,-0.00191194530495,-0.0513377879596,0
0.19571233979,-0.154506945826,-0.00293870106414,0.24074129147,1
0.192622200873,0.0406568609393,0.00187612476526,-0.0528671314764,0
0.193435338092,-0.154491941216,0.000818782135736,0.240407136943,1
0.190345499268,0.0406183040721,0.0056269248746,-0.0520174109649,1
0.191157865349,0.235659121655,0.00458657665531,-0.34291969859,0
0.195871047782,0.0404722197767,-0.0022718173165,-0.0487939765225,0
0.196680492178,-0.154617081972,-0.00324769684695,0.243171307221,1
0.193588150538,0.0405511076611,0.00161572929746,-0.0505342545181,1
0.194399172691,0.235649853756,0.0006050442071,-0.342706967464,0
0.199112169767,0.0405192998745,-0.00624909514217,-0.0498333072295,0
0.199922555764,-0.154512490372,-0.00724576128676,0.240871443976,1
0.196832305957,0.0407122119456,-0.00242833240723,-0.0540881575839,0
0.197646550196,-0.154374836327,-0.00351009555891,0.237827623007,1
0.194559053469,0.0407970847406,0.00124645690123,-0.0559604210694,0
0.195374995164,-0.154342716484,0.000127248479844,0.237115511617,1
0.192288140834,0.0407774165545,0.00486955871219,-0.0555272745185,1
0.193103689165,0.235829208502,0.00375901322182,-0.346669848955,0
0.197820273335,0.0406539905724,-0.00317438375727,-0.0528039431685,0
0.198633353147,-0.154422300446,-0.00423046262064,0.238875751808,1
0.195544907138,0.0407598299716,0.000547052415517,-0.0551385762699,0
0.196360103737,-0.154369960883,-0.000555719109881,0.237716899617,1
0.19327270452,0.0407599251134,0.00419861888247,-0.0551412655916,1
0.194087903022,0.235821423551,0.00309579357063,-0.346496543961,0
0.198804331493,0.040655573882,-0.00383413730858,-0.0528390104429,0
0.199617442971,-0.154411191357,-0.00489091751744,0.238631753111,1
0.196529219143,0.0407802882938,-0.00011828245522,-0.0555898884968,0
0.197344824909,-0.154339966739,-0.00123008022516,0.237055716963,1
0.194258025574,0.0407995365695,0.00351103411411,-0.0560149600459,1
0.195074016306,0.235870969629,0.00239073491319,-0.347588064192,0
0.199791435698,0.0407150953175,-0.00456102637064,-0.0541522139053,0
0.200605737605,-0.154341161159,-0.00564407064875,0.2370881904,1
0.197518914382,0.0408609680659,-0.000902306840748,-0.0573696877094,0
0.198336133743,-0.154248034034,-0.00204970059494,0.235028418129,1
0.195251173062,0.0409031423571,0.00265086776764,-0.0583003430992,0
0.196069235909,-0.15425671687,0.00148486090565,0.235217771398,1
0.192984101572,0.0408439879766,0.00618921633361,-0.0569964143068,1
0.193800981332,0.235876652008,0.00504928804747,-0.347720189137,0
0.198518514372,0.0406832475844,-0.00190511573527,-0.0534493305035,0
0.199332179323,-0.154411335052,-0.00297410234534,0.238631908697,1
0.196243952622,0.0407529773529,0.00179853582861,-0.0549876499989,1
0.197059012169,0.235849094121,0.000698782828627,-0.34710258259,0
0.201775994052,0.0407172104443,-0.00624326882317,-0.0541993864019,0
0.202590338261,-0.154314667144,-0.00732725655121,0.236507219366,1
0.199504044918,0.0409111971216,-0.00259711216389,-0.0584779101524,0
0.20032226886,-0.15417342026,-0.00376667036694,0.233384478919,1
0.197238800455,0.0410021472372,0.000901019211448,-0.0604841939631,0
0.1980588434,-0.154132711102,-0.000308664667814,0.232482874345,1
0.194976189178,0.0409936491841,0.00434099281909,-0.0602973995522,1
0.195796062161,0.236053091439,0.00313504482804,-0.351607558251,0
0.20051712399,0.0408866978635,-0.00389710633698,-0.0579377048629,0
0.201334857947,-0.154179159706,-0.00505586043424,0.233513113218,1
0.198251274753,0.0410146646715,-0.000385598169881,-0.0607602978729,0
0.199071568047,-0.154101755773,-0.00160080412734,0.231800945176,1
0.195989532931,0.0410430327749,0.00303521477618,-0.0613864988032,0
0.196810393587,-0.154122304882,0.00180748480011,0.232252510983,1
0.193727947489,0.0409737728991,0.00645253501977,-0.059859727413,1
0.194547422947,0.236002616306,0.00525534047151,-0.350499870363,0
-0.025456944134,-0.0328340654643,0.0122931899639,0.0352226787061,0
-0.0261136254433,-0.228130126952,0.0129976435381,0.331758742811,0
-0.0306762279824,-0.423434652672,0.0196328183943,0.628511985471,0
-0.0391449210358,-0.618825019057,0.0322030581037,0.927312730119,1
-0.0515214214169,-0.424152342771,0.0507493127061,0.644921177449,1
-0.0600044682724,-0.229772977273,0.0636477362551,0.368641409849,1
-0.0645999278178,-0.035610407133,0.071020564452,0.0966870778442,0
-0.0653121359605,-0.231674589179,0.0729543060089,0.410904460988,1
-0.0699456277441,-0.0376586177252,0.0811723952287,0.142084168222,1
-0.0706988000986,0.156212642524,0.0840140785931,-0.123926705332,0
-0.0675745472481,-0.040006172435,0.0815355444865,0.194034482132,1
-0.0683746706968,0.153860510826,0.0854162341291,-0.071854553967,1
-0.0652974604803,0.347660639016,0.0839791430498,-0.336413078675,0
-0.0583442476999,0.15145023404,0.0772508814763,-0.0184738338837,1
-0.0553152430191,0.345384207654,0.0768814047986,-0.28581804484,1
-0.0484075588661,0.539330312644,0.0711650439018,-0.553296977793,0
-0.0376209526132,0.343284956009,0.0600991043459,-0.239068409881,1
-0.030755253493,0.5374991549,0.0553177361483,-0.512205252448,0
-0.020005270395,0.341643444089,0.0450736310994,-0.20261594689,1
-0.0131724015132,0.536092766832,0.0410213121616,-0.480746533111,0
-0.00245054617661,0.340416496322,0.0314063814993,-0.175422164453,1
0.00435778374982,0.535075228495,0.0278979382103,-0.45803431343,1
0.0150592883197,0.729791913455,0.0187372519417,-0.741794758034,0
0.0296551265888,0.534416382241,0.00390135678098,-0.443274474978,0
0.0403434542336,0.339239445679,-0.00496413271857,-0.149364302178,1
0.0471282431472,0.534432128657,-0.00795141876213,-0.443609168135,0
0.0578168857204,0.339423583175,-0.0168236021248,-0.153443289415,1
0.0646053573838,0.534782332062,-0.0198924679131,-0.451385849615,0
0.0753010040251,0.33994727932,-0.0289201849054,-0.165039092135,0
0.0820999496115,0.14525099801,-0.0322209667481,0.118381859519,1
0.0850049695717,0.34081943357,-0.0298533295577,-0.184289854182,0
0.0918213582431,0.146137071147,-0.0335391266414,0.0988279950595,1
0.094744099666,0.341723250141,-0.0315625667402,-0.204244936387,0
0.101578564669,0.147066551695,-0.0356474654679,0.0783168322252,1
0.104519895703,0.342680912743,-0.0340811288234,-0.225396432931,0
0.111373513958,0.148062201654,-0.0385890574821,0.0563441972095,0
0.114334757991,-0.0464858073785,-0.0374621735379,0.336606592003,1
0.113405041843,0.1491486835,-0.0307300416978,0.0323494457791,0
0.116388015513,-0.0455194158344,-0.0300830527822,0.315180521266,1
0.115477627196,0.150017850717,-0.0237794423569,0.0131642473329,1
0.118477984211,0.345472615906,-0.0235161574102,-0.286925509892,0
0.125387436529,0.150693787972,-0.0292546676081,-0.0017511632656,0
0.128401312288,-0.0439966594792,-0.0292896908734,0.281559904057,1
0.127521379099,0.151530573405,-0.0236584927922,-0.0202150871428,0
0.130551990567,-0.0432442408327,-0.0240627945351,0.264910424853,1
0.12968710575,0.152212746194,-0.018764586038,-0.0352639588426,0
0.132731360674,-0.0426351598355,-0.0194698652149,0.251439981287,1
0.131878657477,0.152759327338,-0.0144410655892,-0.0473199779911,1
0.134933844024,0.348085343892,-0.015387465149,-0.344523978463,0
0.141895550902,0.153185631142,-0.0222779447182,-0.0567327552875,0
0.144959263525,-0.0416099245437,-0.023412599824,0.228838898485,1
0.144127065034,0.15383864117,-0.0188358218543,-0.0711362779502,0
0.147203837857,-0.0410082760251,-0.0202585474133,0.21554484816,1
0.146383672337,0.15439734753,-0.0159476504501,-0.0834590476458,0
0.149471619287,-0.0404924117277,-0.017616831403,0.204150007157,1
0.148661771053,0.154876985955,-0.0135338312599,-0.094037696003,0
0.151759310772,-0.0400483984906,-0.0154145851799,0.194344778579,1
0.150958342802,0.155290621531,-0.0115276896084,-0.103160649922,0
0.154064155233,-0.0396642445235,-0.0135909026068,0.185863153374,1
0.153270870342,0.155649498482,-0.00987363953932,-0.11107600622,0
0.156383860312,-0.0393295875434,-0.0120951596637,0.178475563872,1
0.155597268561,0.155963342798,-0.00852564838628,-0.117998294665,0
0.158716535417,-0.0390354227998,-0.0108856142796,0.171982713176,1
0.157935826961,0.156240624539,-0.00744596001608,-0.124114310737,0
0.161060639452,-0.0387738654541,-0.00992824623082,0.166210223232,1
0.160285162143,0.156488786132,-0.00660404176617,-0.129588175415,0
0.163414937865,-0.0385379420497,-0.00919580527447,0.161003963386,1
0.162644179024,0.156714442386,-0.00597572600675,-0.134565758681,0
0.165778467872,-0.0383214061874,-0.00866704118037,0.156225937759,1
0.165012039748,0.156923557371,-0.00554252242519,-0.139178586103,0
0.168150510896,-0.0381185739309,-0.00832609414725,0.151750623906,1
0.167388139417,0.15712160276,-0.00529108166913,-0.143547333486,0
0.170530571472,-0.0379241748506,-0.00816202833884,0.147461666877,1
0.169772087975,0.157313701775,-0.0052127950013,-0.147785002933,0
0.172918362011,-0.0377332149565,-0.00816849505996,0.143248842343,1
0.172163697712,0.157504762513,-0.0053035182131,-0.151999864417,0
0.175313792962,-0.0375408480446,-0.00834351550144,0.139005209803,1
0.174562976001,0.157699604083,-0.00556341130538,-0.156298239905,0
0.177716968083,-0.0373422522015,-0.00868937610348,0.134624382411,1
0.176970123039,0.157903078815,-0.00599688845525,-0.160787202072,0
0.180128184615,-0.0371325083496,-0.00921263249668,0.129997843552,1
0.179385534448,0.158120193615,-0.00661267562565,-0.165577256422,0
0.18254793832,-0.0369064777995,-0.00992422075408,0.12501224224,1
0.181809808764,0.158356233479,-0.00742397590929,-0.170785074213,0
0.184976933434,-0.0366586757805,-0.0108396773935,0.1195465996,1
0.184243759918,0.158616890158,-0.00844874540154,-0.176536343767,0
0.187416097721,-0.0363831378698,-0.0119794722769,0.113469357224,1
0.186688434964,0.158908399029,-0.0097100851324,-0.1829688096,0
0.189866602945,-0.0360732761214,-0.0133694613244,0.10663519507,1
0.189145137422,0.159237687314,-0.011236757423,-0.190235572232,0
0.192329891168,-0.0357217215205,-0.0150414688677,0.0988815416817,1
0.191615456738,0.159612536932,-0.013063838034,-0.198508726556,0
0.194807707477,-0.0353201491647,-0.0170340125651,0.0900246928336,0
0.194101304493,-0.230193852675,-0.0152335187085,0.377285083549,1
0.18949742744,-0.0348588962647,-0.00768781703749,0.0798381640797,1
0.188800249515,0.160372413074,-0.0060910537559,-0.215260341918,0
0.192007697776,-0.0346619315834,-0.0103962605943,0.0754949893866,1
0.191314459144,0.160607504453,-0.00888636080652,-0.220449781499,0
0.194526609233,-0.0343863047144,-0.0132953564365,0.069416828019,0
0.193838883139,-0.22931514495,-0.0119070198761,0.357875526451,1
0.18925258024,-0.0340259593621,-0.00474950934709,0.0614619323529,0
0.188572061053,-0.229079492248,-0.00352027070003,0.352642581199,1
0.183990471208,-0.0339076596752,0.00353258092395,0.0588516888625,1
0.183312318015,0.161163463402,0.0047096147012,-0.232714593386,0
0.186535587283,-0.034025463971,5.53228334839e-05,0.061450172247,1
0.185855078003,0.161095693998,0.00128432627842,-0.231215299346,0
0.189076991883,-0.0340445857809,-0.0033399797085,0.0618724707328,1
0.188396100167,0.161125093498,-0.00210253029384,-0.231862367489,0
0.191618602037,-0.0339667516204,-0.00673977764361,0.0601566099153,0
0.190939267005,-0.228991423084,-0.00553664544531,0.350705493321,1
0.186359438543,-0.0337911720836,0.00147746442111,0.056281839181,1
0.185683615102,0.161309563568,0.00260310120473,-0.235934570501,0
0.188909806373,-0.0338494816331,-0.00211559020529,0.0575683163734,1
0.18823281674,0.161302739404,-0.000964223877823,-0.235781343154,0
0.191458871528,-0.0338054224657,-0.00567985074091,0.0565972818267,0
0.190782763079,-0.228845475421,-0.00454790510438,0.347482775036,1
0.186205853571,-0.0336591326216,0.00240175039634,0.0533692091841,1
0.185532670918,0.161428298447,0.00346913458002,-0.238554979474,0
0.188761236887,-0.0337430403649,-0.00130196500946,0.0552201906164,1
0.18808637608,0.16139755484,-0.000197561197127,-0.237873231707,0
0.191314327177,-0.0337215734117,-0.00495502583126,0.0547473719677,0
0.190639895709,-0.228772127555,-0.00386007839191,0.345862839855,1
0.186064453157,-0.0335954809879,0.00305717840519,0.0519651909015,1
0.185392543538,0.161482500738,0.00409648222322,-0.239751605188,0
0.188622193552,-0.0336977299907,-0.00069854988054,0.0542206467992,1
0.187948238953,0.161434230482,0.000385863055444,-0.238682596144,0
0.191176923562,-0.0336932310055,-0.00438778886744,0.0541220180335,0
0.190503058942,-0.228751993474,-0.00330534850677,0.345417339399,1
0.185928019073,-0.0335831798375,0.0036029982812,0.0516939474634,1
0.185256355476,0.161486923663,0.00463687723047,-0.239850029346,0
0.188486093949,-0.033700958894,-0.000160123356453,0.0542918840193,1
0.187812074771,0.161423287902,0.000925714323932,-0.238441558689,0
0.191040540529,-0.033711875825,-0.00384311684986,0.0545332214583,0
0.190366303013,-0.22877851201,-0.00275245242069,0.346001141382,1
0.185790732773,-0.0336175164575,0.00416757040695,0.0524515369661,1
0.185118382443,0.161444429683,0.00521660114627,-0.238913579125,0
0.188347271037,-0.0337516547062,0.000438329563772,0.0554102373567,1
0.187672237943,0.161364008797,0.00154653431091,-0.237134360894,0
0.190899518119,-0.0337800029564,-0.00319615290697,0.0560359875875,1
0.19022391806,0.161387629789,-0.00207543315522,-0.237653633601,0
0.193451670656,-0.033704609639,-0.00682850582723,0.0543739183729,0
0.192777578463,-0.228727987454,-0.00574102745978,0.344894599776,1
0.188203018714,-0.0335248403156,0.00115686453574,0.0504068515872,1
0.187532521907,0.16158050355,0.00216500156748,-0.241910850276,0
0.190764131978,-0.0335723063248,-0.00267321543804,0.0514541884549,0
0.190092685852,-0.228655824805,-0.00164413166894,0.34329249621,1
0.185519569356,-0.0335105220062,0.00522171825527,0.050091563153,1
0.184849358916,0.161536167142,0.00622354951833,-0.240939303731,0
0.188080082259,-0.0336741308703,0.00140476344372,0.0537001843057,1
0.187406599641,0.161427649793,0.00247876712983,-0.238539197618,0
0.190635152637,-0.0337296250859,-0.00229201682253,0.054924572164,1
0.189960560135,0.161425115133,-0.00119352537925,-0.238480621609,0
0.193189062438,-0.0336797650901,-0.00596313781144,0.0538255939013,0
0.192515467136,-0.228715707615,-0.00488662593341,0.344621154114,1
0.187941152984,-0.0335245833864,0.00200579714886,0.0504013012001,1
0.187270661316,0.161568549383,0.00301382317287,-0.241648105311,0
0.190502032304,-0.0335963228037,-0.00181913893335,0.0519839361109,1
0.189830105848,0.161551665423,-0.000779460211127,-0.241272388434,0
0.193061139156,-0.0335591427944,-0.0056049079798,0.0511645737082,0
0.1923899563,-0.228600279101,-0.00458161650564,0.34207384845,1
0.187817950718,-0.033413444547,0.00225986046336,0.0479496789792,1
0.187149681827,0.161676029245,0.00321885404295,-0.244019386061,0
0.190383202412,-0.0334917497797,-0.00166153367827,0.0496771073282,0
0.189713367417,-0.228589836809,-0.00066799153171,0.341835343241,1
0.18514157068,-0.0334583881389,0.0061687153331,0.0489418460427,1
0.184472402918,0.161574568298,0.00714755225396,-0.241788431626,0
0.187703894284,-0.033648748373,0.00231178362144,0.0531404257792,1
0.187030919316,0.161439978684,0.00337459213702,-0.238812219062,0
0.19025971889,-0.0337300183681,-0.00140165224421,0.0549332377954,1
0.189585118522,0.161412002391,-0.000302987488305,-0.238191591431,0
0.19281335857,-0.0337056190054,-0.00506681931693,0.0543957489083,0
0.19213924619,-0.228754554097,-0.00397890433877,0.345475757481,1
0.187564155108,-0.0335762295776,0.00293061081085,0.0515407934095,1
0.186892630517,0.161503577637,0.00396142667904,-0.240216062489,0
0.190122702069,-0.033674738516,-0.000842894570749,0.0537137709554,1
0.189449207299,0.161459288523,0.000231380848359,-0.239234976599,0
0.19267839307,-0.0336659673526,-0.00455331868363,0.0535209253477,0
0.192005073723,-0.228722335042,-0.00348290017667,0.344763772785,1
0.187430627022,-0.0335510114622,0.00341237527902,0.050984592489,1
0.186759606792,0.16152184413,0.0044320671288,-0.2406197509,0
0.189990043675,-0.0336631376987,-0.000380327889201,0.0534578697717,1
0.189316780921,0.161464264853,0.000688829506233,-0.239345029284,0
0.192546066218,-0.0336675199138,-0.00409807107945,0.0535550942847,0
0.19187271582,-0.228730471222,-0.00302696919375,0.344942234782,1
0.187298106395,-0.0335655913227,0.00387187550189,0.0513063285037,1
0.186626794569,0.161500628061,0.00489800207197,-0.240152478781,0
0.18985680713,-0.0336909483242,9.4952496339e-05,0.0540713806081,1
0.189182988164,0.16142964128,0.0011763801085,-0.238581586444,0
0.192411580989,-0.0337090958493,-0.00359525162039,0.0544721723862,1
0.191737399072,0.161464221095,-0.00250580817266,-0.239342912648,0
0.194966683494,-0.0336218437316,-0.00729266642563,0.0525485590406,0
0.19429424662,-0.228638471915,-0.00624169524481,0.342921697751,1
0.189721477181,-0.0334282805305,0.000616738710208,0.0482770680291,1
0.189052911571,0.161684821728,0.00158228007079,-0.244211208528,0
0.192286608005,-0.033459693853,-0.00330194409977,0.0489703885653,0
0.191617414128,-0.228534142808,-0.00232253632846,0.340609697049,1
0.187046731272,-0.0333792230417,0.00448965761252,0.047195281858,1
0.186379146811,0.16167806285,0.00543356324968,-0.24406774325,0
0.189612708068,-0.0335210746305,0.000552208384683,0.0503241004791,1
0.188942286576,0.161592954125,0.00155869039426,-0.242184548775,0
0.0445682268944,-0.00456268771002,-0.037985395104,-0.00814841695235,0
0.0444769731402,-0.199119868158,-0.0381483634431,0.272311814817,0
0.040494575777,-0.393677298404,-0.0327021271467,0.552722733005,0
0.0326210298089,-0.588325106794,-0.0216476724866,0.834925626162,0
0.0208545276731,-0.783144737886,-0.00494915996341,1.1207226843,1
0.00519163291534,-0.58795822405,0.0174652937226,0.826491452153,1
-0.00656753156567,-0.393079410212,0.0339951227657,0.539352349431,0
-0.0144291197699,-0.588662347211,0.0447821697543,0.842549890632,1
-0.0262023667141,-0.39417929416,0.0616331675669,0.564279338395,1
-0.0340859525973,-0.199973793165,0.0729187543348,0.291632881869,1
-0.0380854284606,-0.00596320340723,0.0787514119722,0.0228094618305,0
-0.0382046925288,-0.202121030976,0.0792076012088,0.339263269112,1
-0.0422471131483,-0.00821023336032,0.085992866591,0.0725717128594,1
-0.0424113178155,0.185580368234,0.0874443008482,-0.191789318227,0
-0.0386997104508,-0.0106766188105,0.0836085144837,0.127147242656,1
-0.038913242827,0.183154249224,0.0861514593368,-0.138031162189,1
-0.0352501578425,0.376943383658,0.083390836093,-0.402339583949,0
-0.0277112901694,0.180743778463,0.0753440444141,-0.0845743665135,1
-0.0240964146001,0.374709380589,0.0736525570838,-0.352567145906,1
-0.0166022269883,0.568710920403,0.0666012141657,-0.621146232893,0
-0.00522800858029,0.372725199447,0.0541782895078,-0.3082531297,1
0.00222649540866,0.567035001812,0.0480132269138,-0.583369545739,0
0.0135671954449,0.371274458802,0.036345835999,-0.275956661035,1
0.0209926846209,0.56585951588,0.0308267027783,-0.556958156566,0
0.0323098749385,0.370318664719,0.019687539647,-0.25472461826,1
0.0397162482329,0.565154061947,0.0145930472818,-0.541133314645,0
0.0510193294719,0.369830066991,0.00377038098892,-0.243888314745,1
0.0584159308117,0.564897961835,-0.00110738530598,-0.535379587848,0
0.0697138900484,0.369791599966,-0.0118149770629,-0.243045795702,0
0.0771097220477,0.174840387325,-0.016675892977,0.0458870905871,1
0.0806065297942,0.370197441962,-0.0157581511653,-0.252010233164,0
0.0880104786334,0.175304012807,-0.0207983558285,0.0356609097612,1
0.0915165588896,0.370717946804,-0.0200851376333,-0.263510871412,0
0.0989309178257,0.175888358033,-0.0253553550616,0.0227699327257,1
0.102448684986,0.371364580062,-0.024899956407,-0.27780382817,0
0.109875976588,0.176606542131,-0.0304560329704,0.00692283903785,0
0.11340810743,-0.0180656879691,-0.0303175761897,0.289843076072,1
0.113046793671,0.177475163705,-0.0245207146682,-0.0122454144382,1
0.116596296945,0.372940035565,-0.024765622957,-0.312562949644,0
0.124055097656,0.178179492897,-0.0310168819499,-0.027792070194,0
0.127618687514,-0.016484240753,-0.0315727233538,0.254945583582,1
0.127289002699,0.179073947782,-0.0264738116821,-0.0475263452301,0
0.130870481655,-0.0156585818781,-0.0274243385867,0.236687703167,1
0.130557310017,0.179844222561,-0.0226905845234,-0.064517977912,0
0.134154194468,-0.0149451792772,-0.0239809440816,0.220920451316,1
0.133855290883,0.180511197061,-0.0195625350553,-0.079229535925,0
0.137465514824,-0.0143249350597,-0.0211471257738,0.207217723776,1
0.137179016123,0.181092927139,-0.0170027712983,-0.0920603202723,0
0.140800874666,-0.0137812452076,-0.0188439777037,0.195210112606,1
0.140525249761,0.181605115681,-0.0149397754516,-0.103357196226,0
0.144157352075,-0.0132995820286,-0.0170069193761,0.18457509376,1
0.143891360435,0.182061526905,-0.0133154175009,-0.113423984933,0
0.147532590973,-0.0128671227342,-0.0155838971996,0.175028452156,1
0.147275248518,0.182474351491,-0.0120833281565,-0.122529660073,0
0.150924735548,-0.012472418374,-0.0145339213579,0.166316735285,1
0.15067528718,0.182854530186,-0.0112075866522,-0.130915565651,0
0.154332377784,-0.0121050969012,-0.0138258979653,0.158210547019,1
0.154090275846,0.183212043318,-0.0106616870249,-0.138801846305,0
0.157754516712,-0.0117555941193,-0.013437723951,0.1504985117,1
0.15751940483,0.183556173174,-0.010427753717,-0.146393260644,0
0.161190528293,-0.01141490644,-0.0133556189299,0.142981754308,1
0.160962230165,0.183895745777,-0.0104959838437,-0.153884531095,0
0.16464014508,-0.0110743596349,-0.0135736744656,0.135468755318,1
0.164418657888,0.184239358088,-0.0108642993593,-0.161465370303,0
0.168103445049,-0.010725388011,-0.0140936067653,0.127770448633,1
0.167888937289,0.184595596343,-0.0115381977927,-0.169325314179,0
0.171580849216,-0.0103593186435,-0.0149247040762,0.11969543787,1
0.171373662843,0.184973250887,-0.0125307953188,-0.177658484856,0
0.175073127861,-0.00996715543184,-0.016083965016,0.111045210231,1
0.174873784752,0.185381532716,-0.0138630608113,-0.186668403004,0
0.178581415406,-0.00953935780304,-0.0175964288714,0.101609228319,1
0.17839062825,0.185830296764,-0.015564244305,-0.196572967959,0
0.182107234186,-0.00906560887796,-0.0194957036642,0.0911597786175,1
0.181925922008,0.186330276922,-0.0176725080919,-0.20760972573,0
0.185652527547,-0.00853456785096,-0.0218247026065,0.0794464509043,0
0.18548183619,-0.203336966385,-0.0202357735884,0.365164507403,1
0.181415096862,-0.00793337009303,-0.0129324834403,0.066170210858,1
0.18125642946,0.187371585985,-0.0116090792232,-0.230564769311,0
0.18500386118,-0.00758256867255,-0.0162203746094,0.0584337646844,0
0.184852209806,-0.202468239349,-0.0150516993157,0.34595523462,1
0.180802845019,-0.00713545260035,-0.00813259462328,0.0485642113783,0
0.180660135967,-0.202139850674,-0.00716131039572,0.338670179019,1
0.176617338954,-0.00691673320393,-0.000387906815347,0.0437376044409,1
0.17647900429,0.188210778294,0.000486845273471,-0.249067685386,0
0.180243219856,-0.00691812214923,-0.00449450843425,0.0437687630968,1
0.180104857413,0.188267989129,-0.00361913317232,-0.250328827698,0
0.183870217195,-0.00680209318271,-0.00862570972628,0.0412103566524,0
0.183734175331,-0.201799297969,-0.00780150259323,0.331159355423,1
0.179698189372,-0.00656717044636,-0.00117831548477,0.0360264574727,1
0.179566845963,0.188571658209,-0.000457786335319,-0.257028006981,0
0.183338279127,-0.00654375419848,-0.00559834647494,0.0355104917852,0
0.183207404043,-0.201584978222,-0.00488813663924,0.326421837906,1
0.179175704479,-0.00639377447473,0.00164030011888,0.032201423735,1
0.179047828989,0.188704615733,0.00228432859358,-0.259963519861,0
0.182821921304,-0.00644987086275,-0.00291494180365,0.0334390382948,1
0.182692923887,0.188713760134,-0.00224616103775,-0.260162156165,0
0.18646719909,-0.00637605425945,-0.00744940416106,0.031811456429,0
0.186339678004,-0.201390389586,-0.00681317503248,0.32213473835,1
0.182311870213,-0.00617208330499,-0.00037048026547,0.0273110173707,1
0.182188428547,0.188955178914,0.000175740081944,-0.265488777067,0
0.185967532125,-0.00616928014974,-0.00513403545939,0.027249574593,0
0.185844146522,-0.201217230623,-0.00458904396753,0.318308244665,1
0.181819801909,-0.0060302211086,0.00177712092578,0.0241816390769,1
0.181699197487,0.18906619958,0.00226075370732,-0.26794005657,0
0.185480521479,-0.00608794271788,-0.00309804742408,0.0254550698254,0
0.185358762624,-0.201165328647,-0.00258894602757,0.317158919985,1
0.181335456051,-0.00600659810085,0.00375423237213,0.0236606559426,1
0.181215324089,0.189061313319,0.00422744549098,-0.267835407461,0
0.184996550356,-0.00612071384221,-0.00112926265824,0.0261778824399,1
0.184874136079,0.189017413679,-0.000605705009444,-0.266861125358,0
0.188654484353,-0.0060958876914,-0.00594292751661,0.0256306957488,0
0.188532566599,-0.201132110428,-0.00543031360163,0.31643265319,1
0.18450992439,-0.00593323373944,0.000898339462175,0.0220421508573,1
0.184391259715,0.189175822889,0.00133918247932,-0.270357204227,0
0.188174776173,-0.00596521303912,-0.00406796160523,0.0227478067204,0
0.188055471912,-0.201028590242,-0.00361300547082,0.314144474137,1
0.184034900108,-0.00585535796619,0.00266988401193,0.0203243152398,1
0.183917792948,0.189228202716,0.00307637031672,-0.271515037859,0
0.187702357003,-0.00593751146817,-0.00235393044045,0.0221365995703,0
0.187583606773,-0.201025626034,-0.00191119844905,0.314075905774,1
0.183563094253,-0.00587650158561,0.00437031966643,0.0207908617115,1
0.183445564221,0.189182502895,0.00478613690066,-0.270509980946,0
0.187229214279,-0.00600741863755,-0.000624062718262,0.023678666808,1
0.187109065906,0.18912347665,-0.000150489382101,-0.269201093555,0
0.190891535439,-0.00599632664776,-0.0055345112532,0.0234343641996,0
0.190771608906,-0.201038472323,-0.00506582396921,0.314365963998,1
0.18675083946,-0.00584472596155,0.00122149531074,0.0200897554506,1
0.18663394494,0.189259686426,0.00162329041976,-0.272207525269,0
0.190419138669,-0.00588539014011,-0.00382086008562,0.0209869510877,0
0.190301430866,-0.200952338437,-0.00340112106387,0.312461907571,1
0.186282384097,-0.00578209969392,0.00284811708754,0.0187083150318,1
0.186166742103,0.189298890763,0.00322228338818,-0.273074638524,0
0.189952719919,-0.00586888969574,-0.00223920938229,0.0206228620063,1
0.189835342125,0.189285102428,-0.00182675214217,-0.272765719303,0
0.193621044173,-0.00581073551092,-0.00728206652823,0.0193404844951,0
0.193504829463,-0.200827500911,-0.00689525683833,0.309716967909,1
0.189488279445,-0.00560798917261,-0.000700917480155,0.0148674720465,0
0.189376119661,-0.20071988135,-0.000403568039225,0.307329168699,1
0.185361722034,-0.00559218188835,0.00574301533476,0.0145189943407,1
0.185249878397,0.18944693839,0.00603339522157,-0.276346424245,0
0.189038817164,-0.00576056899434,0.00050646673668,0.0182333148442,1
0.188923605785,0.189354115254,0.000871133033563,-0.274289772778,0
0.19271068809,-0.00578025450497,-0.004614662422,0.0186677838786,0
0.192595083,-0.200835723292,-0.00424130674443,0.309891165832,1
0.188578368534,-0.00565360052996,0.0019565165722,0.0158736745428,1
0.188465296523,0.189440237287,0.00227399006306,-0.276191306569,0
0.192254101269,-0.00571408309296,-0.00324983606832,0.0172079696414,0
0.192139819607,-0.200789277423,-0.00290567667549,0.30886376581,1
0.188124034059,-0.00562604578074,0.00327159864071,0.0152658864215,1
0.188011513143,0.189448834228,0.00357691636914,-0.276383019342,0
0.191800489827,-0.0057239654873,-0.0019507440177,0.0174259185747,1
0.191686010518,0.189425907269,-0.0016022256462,-0.27587185197,0
0.195474528663,-0.00567314804592,-0.00711966268559,0.0163053012314,0
0.195361065702,-0.200692274868,-0.00679355666097,0.306733414269,1
0.191347220205,-0.00547417992428,-0.000658888375584,0.0119157388723,0
0.191237736606,-0.200586675616,-0.000420573598138,0.304390705713,1
0.187226003094,-0.0054587332994,0.00566724051613,0.0115751694896,1
0.187116828428,0.189581485526,0.00589874390592,-0.279314300797,0
0.190908458139,-0.00562411439381,0.000312457889969,0.0152232255871,1
0.190795975851,0.189493354399,0.00061692240171,-0.277361100698,0
0.194585842939,-0.00563739265209,-0.00493029961224,0.0155163393551,0
0.194473095086,-0.200688291545,-0.00461997282514,0.306639629536,1
0.190459329255,-0.00550081274129,0.00151281976558,0.0125032687296,1
0.190349313,0.189599410021,0.00176288514017,-0.27970196169,0
0.1941413012,-0.00554764457052,-0.00383115409362,0.0135364533077,0
0.194030348309,-0.200614443159,-0.00356042502747,0.30500814729,1
0.190018059446,-0.00544193484592,0.00253973791834,0.0112044776685,1
0.189909220749,0.189643501208,0.00276382747171,-0.280676050503,0
0.193702090773,-0.00551776563727,-0.00284969353836,0.0128772959183,0
0.19359173546,-0.200598732846,-0.00259214761999,0.304659749813,1
0.189579760803,-0.00543993728125,0.00350104737627,0.0111604494056,1
0.189470962058,0.189631629676,0.00372425636438,-0.280415801914,0
0.193263594651,-0.00554324855037,-0.0018840596739,0.0134394139493,0
0.19315272968,-0.20063812932,-0.00161527139492,0.305527302495,1
0.189139967094,-0.00549319714369,0.00449527465498,0.0123353965106,1
0.189030103151,0.189563998386,0.00474198258519,-0.278925834278,0
0.192821383119,-0.00562527770773,-0.000836534100367,0.0152489256955,1
0.192708877564,0.189508660448,-0.000531555586458,-0.27769782012,0
0.196499050773,-0.0056057034458,-0.00608551198887,0.0148174070378,0
0.196386936704,-0.200639854486,-0.00578916384811,0.305574087041,1
0.192374139615,-0.00543588610683,0.000322317892713,0.0110710364053,1
0.192265421893,0.189681441158,0.000543738620819,-0.28151017783,0
0.196059050716,-0.00544826180699,-0.00508646493579,0.011344192496,0
0.19595008548,-0.200496898333,-0.00485958108587,0.302417948308,1
0.191940147513,-0.00530602558549,0.00118877788029,0.00820638511595,1
0.191834027001,0.189798856739,0.0013529055826,-0.284101230966,0
0.195630004136,-0.00534236443344,-0.00432911903671,0.00900808702988,0
0.195523156847,-0.200401963383,-0.00414895729611,0.300321986689,1
0.19151511758,-0.00522112164578,0.00185748243766,0.00633345399339,1
0.191410695147,0.189874141438,0.00198415151753,-0.285762836266,0
0.195208177976,-0.00527605105293,-0.00373110520779,0.00754521642564,0
0.195102656955,-0.200344294768,-0.00358020087928,0.299048602934,1
0.191095771059,-0.00517149408487,0.00240077117941,0.00523870136797,1
0.190992341177,0.189915944484,0.00250554520677,-0.286685787118,0
0.194790660067,-0.00524164921993,-0.00322817053559,0.00678631409491,0
0.194685827083,-0.200317155468,-0.00309244425369,0.298448968306,1
0.190679483973,-0.00515125965263,0.00287653511243,0.00479234722937,1
0.19057645878,0.189929320025,0.00297238205701,-0.286981611492,0
0.194375045181,-0.00523489425532,-0.00276725017283,0.00663729575232,0
0.194270347296,-0.200317050072,-0.00263450425778,0.298445838558,1
-0.03826570708,0.0390991382578,-0.00015765842691,0.0018322656821,0
-0.0374837243148,-0.156020551555,-0.000121013113268,0.294465445186,0
-0.0406041353459,-0.351140777297,0.00576829579046,0.587110203802,0
-0.0476269508919,-0.546343037429,0.0175104998665,0.881604592313,1
-0.0585538116405,-0.351463255832,0.0351425917128,0.594477557834,1
-0.0655830767571,-0.15685035099,0.0470321428694,0.313068237917,0
-0.0687200837769,-0.352609660781,0.0532935076278,0.620204847267,1
-0.0757722769925,-0.158270929105,0.0656976045731,0.344771497589,1
-0.0789376955746,0.035857923296,0.0725930345249,0.073507617785,1
-0.0782205371087,0.229868142831,0.0740631868806,-0.195417647085,0
-0.0736231742521,0.033769217885,0.0701548339389,0.119679030303,1
-0.0729477898944,0.227819555918,0.0725484145449,-0.150071870646,1
-0.068391398776,0.42183170982,0.069546977132,-0.419014054692,0
-0.0599547645796,0.22579673648,0.0611666960381,-0.105242109454,1
-0.05543882985,0.419991218567,0.0590618538491,-0.378017290937,0
-0.0470390054787,0.224082377475,0.0515015080303,-0.0673123307752,1
-0.0425573579292,0.418429569361,0.0501552614148,-0.343311837698,0
-0.034188766542,0.222631298161,0.0432890246609,-0.0352442933603,1
-0.0297361405787,0.417106599845,0.0425841387937,-0.313960963639,1
-0.0213940085818,0.611596873196,0.0363049195209,-0.592915942598,0
-0.00916207111793,0.41598601954,0.0244466006689,-0.28902170736,1
-0.000842350727136,0.610750987231,0.0186661665217,-0.573895279567,0
0.0113726690175,0.415372376075,0.00718826093039,-0.275390883281,0
0.019680116539,0.220148608175,0.00168044326478,0.0195505335468,1
0.0240830887025,0.415246419739,0.00207145393571,-0.27260172051,0
0.0323880170973,0.220094972374,-0.0033805804745,0.0207338295243,1
0.0367899165447,0.415265241073,-0.00296590388401,-0.27301378944,1
0.0450952213662,0.610429386151,-0.00842617967282,-0.566630693939,0
0.0573038090892,0.415426646626,-0.0197587935516,-0.276614236068,0
0.0656123420217,0.220592081824,-0.025291078273,0.00977185665635,1
0.0700241836582,0.416067440263,-0.0250956411398,-0.290782195163,0
0.0783455324635,0.221312149083,-0.0309112850431,-0.00611858901628,1
0.0827717754451,0.416863462246,-0.0310336568234,-0.308391902463,0
0.09110904469,0.222197128054,-0.0372014948727,-0.0256554311349,0
0.0955529872511,0.0276278786314,-0.0377146034954,0.255061793627,1
0.0961055448237,0.223267454526,-0.0326133676228,-0.0492743529406,0
0.100570893914,0.0286279606823,-0.0335988546816,0.232943002599,1
0.101143453128,0.224213478215,-0.0289399946297,-0.0701458992495,0
0.105627722692,0.0295181262927,-0.0303429126146,0.213267669938,1
0.106218085218,0.225060456809,-0.0260775592159,-0.0888302579344,0
0.110719294354,0.030321813486,-0.0278541643746,0.195512456776,1
0.111325730624,0.225830892822,-0.0239439152391,-0.105825470078,0
0.11584234848,0.0310601085658,-0.0260604246406,0.179208123661,1
0.116463550652,0.226545106625,-0.0224762621674,-0.121580704593,0
0.120994452784,0.0317522644565,-0.0249078762593,0.163927292621,1
0.121629498073,0.22722175885,-0.0216293304068,-0.136508159831,0
0.12617393325,0.0324161813655,-0.0243594936035,0.149273330113,1
0.126822256878,0.227878330711,-0.0213740270012,-0.150993892854,0
0.131379823492,0.0330688566734,-0.0243939048583,0.134870086376,1
0.132041200625,0.228531571573,-0.0216965031308,-0.165407852657,0
0.136611832057,0.0337268120845,-0.0250046601839,0.120352241258,1
0.137286368299,0.229197923258,-0.0225976153587,-0.180113373095,0
0.141870326764,0.0344065065527,-0.0261998828206,0.105356018641,0
0.142558456895,-0.160330376836,-0.0240927624478,0.389659209626,1
0.139351849358,0.0351250976911,-0.0162995782553,0.089478497541,1
0.140054351312,0.230476842755,-0.0145100083045,-0.208302059496,0
0.144663888167,0.0355653453502,-0.0186760494944,0.0797686168496,0
0.145375195074,-0.159283969914,-0.0170806771574,0.366501180037,1
0.142189515676,0.0360764872511,-0.00975065355665,0.0684817655847,1
0.142911045421,0.231336865307,-0.00838101824495,-0.227261525008,0
0.147537782727,0.0363356844351,-0.0129262487451,0.0627659829643,1
0.148264496416,0.231640558995,-0.0116709290858,-0.233967065705,0
0.152897307595,0.0366872904406,-0.0163502703999,0.0550117460721,0
0.153631053404,-0.158196452286,-0.0152500354785,0.342491521809,1
0.150467124358,0.0371391039761,-0.00840020504232,0.0450389210585,1
0.151209906438,0.232380496095,-0.00749942662115,-0.25028246574,0
0.15585751636,0.0373664377955,-0.0125050759359,0.0400255850911,0
0.156604845116,-0.157573980142,-0.0117045642341,0.328736952652,1
0.153453365513,0.037712624823,-0.00512982518109,0.0323860468942,1
0.154207618009,0.232907762859,-0.00448210424321,-0.261910969721,0
0.158865773267,0.0378500774742,-0.00972032363762,0.0293548852022,0
0.159622774816,-0.157131139069,-0.00913322593358,0.318955162924,1
0.156480152035,0.0381196905227,-0.0027541226751,0.0234060026131,1
0.157242545845,0.233281029903,-0.00228600262284,-0.270144607249,0
0.161908166443,0.0381917750306,-0.00768889476782,0.0218164262501,0
0.162672001944,-0.156819070543,-0.00725256624281,0.312063535215,1
0.159535620533,0.0384054490344,-0.00101129553851,0.0171022215984,1
0.160303729514,0.233541888811,-0.000669251106536,-0.275899609226,0
0.16497456729,0.0384294923218,-0.00618724329107,0.0165721601536,1
0.165743157136,0.233639626942,-0.00585580008799,-0.278056474943,0
0.170415949675,0.0386017022019,-0.0114169295869,0.0127738008488,0
0.171187983719,-0.156354670263,-0.0111614535699,0.301832796495,1
0.168060890314,0.0389245672326,-0.00512479763999,0.00565078647489,1
0.168839381659,0.234119638996,-0.00501178191049,-0.288644660203,0
0.173521774439,0.0390695139649,-0.0107846751145,0.00245339519251,0
0.174303164718,-0.15589612211,-0.0107356072107,0.291714209223,1
0.171185242276,0.0393772436182,-0.00490132302622,-0.00433516800325,0
0.171972787148,-0.155674073818,-0.00498802638629,0.286797310674,1
0.168859305672,0.039518656194,0.000747919827193,-0.00745461567181,1
0.169649678796,0.234629873207,0.000598827513757,-0.299901470926,0
0.17434227626,0.0394993915923,-0.00539920190477,-0.00702974570494,0
0.175132264092,-0.155544712905,-0.00553979681887,0.28394478905,1
0.172021369833,0.0396558114035,0.000139098962138,-0.0104801964259,1
0.172814486061,0.234775767479,-7.05049663797e-05,-0.303119232613,0
0.177510001411,0.0396548211548,-0.00613288961864,-0.0104585423142,0
0.178303097834,-0.155378641563,-0.00634206046492,0.280283091787,1
0.175195525003,0.0398332010659,-0.000736398629175,-0.0143933366348,1
0.175992189024,0.234965705424,-0.00102426536187,-0.307308514987,0
0.180691503133,0.039858364265,-0.0071704356616,-0.0149487907301,0
0.181488670418,-0.155160023839,-0.00746941147621,0.275463181264,1
0.178385469941,0.0400676957651,-0.00196014785093,-0.0195662156098,0
0.179186823857,-0.155026090022,-0.00235147216313,0.272497617783,1
0.176086302056,0.0401293353173,0.00309848019254,-0.0209260430829,1
0.176888888762,0.235206714367,0.00267995933088,-0.312629755297,0
0.18159302305,0.0400466868972,-0.00357263577507,-0.0191028582484,0
0.182393956788,-0.155023847023,-0.00395469294003,0.272450722581,1
0.179293479847,0.0401543099422,0.00149432151158,-0.0214769001834,1
0.180096566046,0.235254799231,0.00106478350791,-0.313687977012,0
0.184801662031,0.0401176958772,-0.00520897603233,-0.0206694416184,0
0.185604015948,-0.154929167288,-0.0056223648647,0.270365451893,1
0.182505432602,0.0402725627207,-0.000215055826846,-0.0240854818049,1
0.183310883857,0.235397597373,-0.000696765462944,-0.316836253428,0
0.188018835804,0.040285577479,-0.00703349053151,-0.0243731436588,0
0.188824547354,-0.154734804682,-0.00752095340469,0.266082364703,1
0.18572985126,0.0404936764457,-0.00219930611062,-0.0289632141963,0
0.186539724789,-0.154596666361,-0.00277857039455,0.263024996807,1
0.183447791462,0.0405648356322,0.00248192954159,-0.0305330247764,1
0.184259088175,0.235651106822,0.00187126904606,-0.322431843731,0
0.188972110311,0.040502558726,-0.00457736782857,-0.0291593813143,0
0.189782161486,-0.154553452017,-0.00516055545486,0.26207582821,1
0.186691092445,0.0406417816454,8.09611093425e-05,-0.03223032013,1
0.187503928078,0.235762571753,-0.000563645293257,-0.324887701765,0
0.192219179513,0.0406486505225,-0.00706139932857,-0.032382578118,0
0.193032152524,-0.154371328961,-0.00770905089093,0.258064063725,1
0.189944725944,0.0408598271306,-0.00254776961643,-0.0370404071065,0
0.190761922487,-0.154225496255,-0.00328857775856,0.254837584772,1
0.187677412562,0.0409432548432,0.00180817393689,-0.0388807989696,1
0.188496277659,0.236039230253,0.00103055795749,-0.330992680837,0
0.193217062264,0.0409026246488,-0.00558929565925,-0.0379849438794,0
0.194035114757,-0.154138731594,-0.00634899453684,0.252929276277,1
0.190952340125,0.0410732990262,-0.0012904090113,-0.0417494598183,0
0.191773806106,-0.154030124283,-0.00212539820767,0.250526051343,1
0.18869320362,0.0411221135173,0.0028851228192,-0.0428265107866,1
0.18951564589,0.236202574429,0.00202859260347,-0.334597759345,0
0.194239697379,0.0410518106373,-0.00466336258343,-0.0412758101527,0
0.195060733592,-0.154002959482,-0.00548887878648,0.249932140017,1
0.191980674402,0.0411969438976,-0.000490235986131,-0.0444770266174,0
0.19280461328,-0.153917974137,-0.00137977651848,0.248051185891,1
0.189726253797,0.0412236550627,0.00358124719933,-0.0450666334456,1
0.190550726898,0.236294070431,0.00267991453042,-0.336617495692,0
0.195276608307,0.0411340843149,-0.00405243538341,-0.0430906738092,0
0.196099289993,-0.153929522636,-0.0049142488596,0.248310921343,1
0.193020699541,0.0412622644434,5.19695672687e-05,-0.0459180072439,1
0.193845944829,0.236383470412,-0.000866390577609,-0.338584536748,0
0.198573614238,0.0412738583109,-0.00763808131257,-0.0461749472367,0
0.199399091404,-0.153737739344,-0.00856158025731,0.244088342441,1
0.196324336617,0.0415054466677,-0.00367981340849,-0.0512827768961,0
0.19715444555,-0.153563547286,-0.00470546894641,0.24023687026,1
0.194083174605,0.0416253050788,9.92684587867e-05,-0.0539265697366,0
0.194915680706,-0.153498069373,-0.000979262935944,0.238787675426,1
0.191845719319,0.0416378577333,0.00379649057258,-0.0542039781457,1
0.192678476473,0.236705167404,0.00271241100967,-0.345686668428,0
0.197412579821,0.0415447377174,-0.0042013223589,-0.0521496529108,0
0.198243474576,-0.153516720318,-0.00524431541711,0.239204766718,1
0.195173140169,0.0416797551157,-0.000460220082745,-0.0551277417633,0
0.196006735272,-0.153435594216,-0.00156277491801,0.23740994654,1
0.192938023387,0.0417086486386,0.00318542401279,-0.0557655159351,0
0.19377219636,-0.153458831346,0.00207011369409,0.237920731857,1
0.190703019733,0.0416334846477,0.00682852833123,-0.0541085021108,1
0.191535689426,0.236656861944,0.00574635828901,-0.344629176074,0
0.196268826665,0.0414536388262,-0.00114622523248,-0.0501397556459,0
0.197097899442,-0.153651857916,-0.00214902034539,0.24218130707,1
0.194024862283,0.0415007243896,0.00269460579601,-0.0511787019299,1
0.194854876771,0.236583934447,0.00167103175741,-0.343010241511,0
0.19958655546,0.0414382499145,-0.00518917307281,-0.0498008402904,0
0.200415320458,-0.153608910562,-0.00618518987862,0.241240351295,1
0.197343142247,0.0416008454563,-0.00136038285273,-0.0533871159379,0
0.198175159156,-0.15350157327,-0.00242812517149,0.238866288917,1
0.195105127691,0.0416549813283,0.00234920060686,-0.0545815481273,1
0.195938227317,0.236743169747,0.00125756964431,-0.346522358931,0
0.200673090712,0.0416033530613,-0.0056728775343,-0.0534431399822,0
0.201505157774,-0.15343679908,-0.00674174033395,0.237444563674,1
0.198436421792,0.0417808155837,-0.00199284906047,-0.057357260355,0
0.199272038104,-0.153312505043,-0.00313999426757,0.234696242247,1
0.196205788003,0.0418541684551,0.00155393057738,-0.058975481605,0
0.197042871372,-0.153290028615,0.000374420945276,0.234197315995,1
0.1939770708,0.0418265708947,0.00505836726518,-0.058367482999,1
0.194813602217,0.236875630602,0.0038910176052,-0.349450175882,0
0.19955111483,0.0416985568395,-0.00309798591245,-0.0555428251846,0
0.200385085966,-0.153378837343,-0.00420884241614,0.236161055495,1
0.197317509219,0.0418029921259,0.000514378693751,-0.0578464915891,0
0.198153569062,-0.153326330579,-0.000642551138031,0.234998681076,1
0.19508704245,0.0418047952481,0.00405742248348,-0.0578868572628,1
0.195923138355,0.236868336025,0.00289968533823,-0.349286881043,0
0.200660505076,0.0417052645141,-0.00408605228264,-0.0556909982053,0
0.201494610366,-0.153357861455,-0.00519987224674,0.235699952169,1
0.198427453137,0.0418379941887,-0.000485873203354,-0.0586186284795,0
0.199264213021,-0.153276987158,-0.00165824577294,0.233910962278,1
0.196198673278,0.0418686179086,0.00301997347261,-0.0592945668999,1
0.197036045636,0.236947138729,0.00183408213462,-0.351023142908,0
0.20177498841,0.0417991526579,-0.00518638072354,-0.0577624362934,0
0.202610971464,-0.153248052602,-0.00634162944941,0.233279647644,1
0.199546010412,0.0419639333038,-0.00167603649652,-0.0613968697734,0
0.200385289078,-0.153133947207,-0.00290397389199,0.230756785457,1
0.197322610133,0.0420293797264,0.00171116181716,-0.0628407376998,0
0.198163197728,-0.153117063607,0.000454347063162,0.230381580077,1
0.195100856456,0.0419983921907,0.00506197866471,-0.0621579953795,1
0.1959408243,0.237047401855,0.00381881875712,-0.353239546114,0
0.200681772337,0.041871356867,-0.00324597216517,-0.0593548833887,0
0.201519199474,-0.153203903452,-0.00443306983294,0.232302151417,1
0.0159317011625,-0.041318059551,0.044644641651,-0.00843723363013,0
0.0151053399715,-0.237050900059,0.0444758969784,0.297990647824,0
0.0103643219703,-0.432777697404,0.0504357099349,0.604362118741,1
0.00170876802221,-0.238396026534,0.0625229523097,0.327982192191,1
-0.00305915250848,-0.0442173227659,0.0690825961535,0.0556530261788,0
-0.0039434989638,-0.240258313023,0.0701956566771,0.369307232625,1
-0.00874866522426,-0.0462002854077,0.0775818013296,0.0995576312264,1
-0.00967267093241,0.147729000761,0.0795729539541,-0.16767512564,0
-0.00671809091719,-0.0484364585337,0.0762194514413,0.149011754213,1
-0.00768682008787,0.145515986868,0.0791996865256,-0.11868543339,1
-0.0047765003505,0.33941911997,0.0768259778578,-0.385368030677,0
0.0020118820489,0.143295355718,0.0691186172442,-0.0694855079125,1
0.00487778916326,0.337361793416,0.067728907086,-0.339585396699,1
0.0116250250316,0.53145794614,0.060937199152,-0.610165033358,0
0.0222541839544,0.335539514873,0.0487338984848,-0.298928400918,1
0.0289649742518,0.529934148477,0.0427553304665,-0.575852060013,0
0.0395636572214,0.334239757763,0.0312382892662,-0.270012494978,1
0.0462484523766,0.528902324341,0.0258380393666,-0.55268132471,0
0.0568264988635,0.33342722843,0.0147844128724,-0.251971012033,0
0.0634950434321,0.138097317511,0.00974499263176,0.045338292725,1
0.0662569897823,0.333078184855,0.0106517584863,-0.244254138662,1
0.0729185534794,0.528046387243,0.00576667571303,-0.533558293811,0
0.0834794812243,0.332843811895,-0.00490449016319,-0.239063906042,0
0.0901363574622,0.13779226695,-0.00968576828404,0.0520679782241,1
0.0928922028012,0.333051751649,-0.00864440871955,-0.243655081712,0
0.0995532378341,0.138054333218,-0.0135175103538,0.0462886929871,1
0.102314324498,0.333367482273,-0.0125917364941,-0.250628291854,0
0.108981674144,0.138427585709,-0.0176043023311,0.0380564995359,1
0.111750225858,0.333797501516,-0.0168431723404,-0.260128362372,0
0.118426175888,0.138919993363,-0.0220457395879,0.0271947783429,1
0.121204575756,0.334351045611,-0.021501844021,-0.27236148859,0
0.127891596668,0.139542400425,-0.0269490737928,0.0134628774365,0
0.130682444676,-0.0551829082196,-0.0266798162441,0.297522713295,1
0.129578786512,0.14030900569,-0.0207293619782,-0.00345373400476,1
0.132384966626,0.335722017614,-0.0207984366583,-0.302604272434,0
0.139099406978,0.14090256799,-0.0268505221069,-0.0165526007717,0
0.141917458338,-0.0538242298262,-0.0271815741224,0.26753920599,1
0.140840973741,0.14167488873,-0.0218307900026,-0.0335915456573,0
0.143674471516,-0.0531273084546,-0.0225026209157,0.252124380799,1
0.142611925347,0.142308619,-0.0174601332998,-0.0475705038757,0
0.145458097727,-0.0525586714145,-0.0184115433773,0.239552859618,1
0.144406924299,0.142821392268,-0.0136204861849,-0.0588802520732,0
0.147263352144,-0.0521026456478,-0.0147980912264,0.229474384709,1
0.146221299231,0.143227611079,-0.0102086035322,-0.0678394004242,1
0.149085851453,0.338494423644,-0.0115653915407,-0.363725634329,0
0.155855739925,0.143538737551,-0.0188399042272,-0.0747118119856,0
0.158726514676,-0.0513081285523,-0.020334140467,0.21196801502,1
0.157700352105,0.144098561238,-0.0160947801666,-0.0870592499142,0
0.16058232333,-0.05078903251,-0.0178359651648,0.2005026174,1
0.15956654268,0.144583411562,-0.0138259128168,-0.0977529315274,0
0.162458210911,-0.0503376838006,-0.0157809714474,0.190536077862,1
0.161451457235,0.145006433817,-0.0119702498902,-0.107083026119,0
0.164351585912,-0.0499419529886,-0.0141119104125,0.181799434755,1
0.163352746852,0.145379055825,-0.0104759217174,-0.115301669855,0
0.166260327968,-0.049591236634,-0.0127819551145,0.174057856577,1
0.165268503236,0.145711294153,-0.009300797983,-0.12262980125,0
0.168182729119,-0.0492761799958,-0.011753394008,0.167104364361,1
0.167197205519,0.146012022506,-0.00841130672077,-0.129263124739,0
0.170117445969,-0.0489884316087,-0.0109965692155,0.160754314255,1
0.169137677337,0.146289208783,-0.00778148293044,-0.135377362309,0
0.172063461512,-0.0487204242292,-0.0104890301766,0.154840498269,1
0.171089053028,0.146550126743,-0.00739222021124,-0.14113293395,0
0.174020055563,-0.0484651769957,-0.0102148788902,0.149208736299,1
0.173050752023,0.146801547688,-0.00723070416425,-0.146679191879,0
0.175986782976,-0.0482161139935,-0.0101642880018,0.143713845083,1
0.175022460697,0.147049917088,-0.00729001110018,-0.152158320785,0
0.177963459038,-0.0479668947398,-0.0103331775159,0.138215879693,1
0.177004121144,0.147301520702,-0.00756885992201,-0.157709006462,0
0.179950151558,-0.0477112523612,-0.0107230400512,0.132576550736,1
0.17899592651,0.147562644422,-0.00807150903652,-0.16346996799,0
0.181947179399,-0.047442835426,-0.0113409083963,0.126655725597,1
0.18099832269,0.147839731871,-0.00880779388438,-0.169583443769,0
0.183955117328,-0.0471550495095,-0.0121994627598,0.120307925086,1
0.183012016338,0.148139543628,-0.00979330425805,-0.176198719162,0
0.18597480721,-0.0468408946051,-0.0133172786413,0.113378727615,1
0.185037989318,0.148469321932,-0.011049704089,-0.18347578308,0
0.188007375757,-0.0464927944577,-0.0147192197506,0.105700991726,0
0.187077519868,-0.24140075183,-0.0126051999161,0.393703963108,1
0.182249504831,-0.0461022193368,-0.0047311206539,0.0970736068179,1
0.181327460444,0.149087218887,-0.00278964851754,-0.197098218039,0
0.184309204822,-0.0459947195422,-0.00673161287832,0.0947033953885,1
0.183389310431,0.149223063765,-0.00483754497055,-0.200095724173,0
0.186373771706,-0.0458293660333,-0.00883945945402,0.0910572644174,0
0.185457184386,-0.24082350977,-0.00701831416567,0.380938285807,1
0.18064071419,-0.0456026061606,0.000600451550469,0.0860507748962,1
0.179728662067,0.149510732897,0.00232146704839,-0.206442648186,0
0.182718876725,-0.0456443379569,-0.00180738591532,0.0869716799968,1
0.181805989966,0.149503473783,-6.79523153851e-05,-0.206280930674,0
0.184796059442,-0.0456175056563,-0.00419357092886,0.0863805598282,1
0.183883709328,0.14956430512,-0.00246595973229,-0.207622488223,0
0.186874995431,-0.0455222976764,-0.00661840949675,0.0842815348101,1
0.185964549477,0.1496938969,-0.00493277880055,-0.210482141923,0
0.188958427415,-0.0453571781362,-0.00914242163901,0.0806406800206,0
0.188051283853,-0.240346886455,-0.0075296080386,0.370425184569,1
0.183244346123,-0.0451187715552,-0.000121104347215,0.0753776296779,1
0.182341970692,0.150004915597,0.00138644824634,-0.217343503582,0
0.185342069004,-0.0451368279508,-0.0029604218253,0.0757764460617,1
0.184439332445,0.150027438064,-0.00144489290407,-0.217839032878,0
0.187439881207,-0.0450738283955,-0.00580167356162,0.0743877629585,0
0.186538404639,-0.240112127962,-0.00431391830245,0.365234606208,1
0.181736162079,-0.0449291368111,0.0029907738217,0.0711945556802,1
0.180837579343,0.150149809703,0.0044146649353,-0.220543269203,0
0.183840575537,-0.0450349656208,3.79955123931e-06,0.0735289480563,1
0.182939876225,0.150086931127,0.00147437851237,-0.219152779996,0
0.185941614847,-0.0450560646837,-0.00290867708755,0.0739948626963,0
0.185040493554,-0.240136196225,-0.00142877983363,0.365758672309,1
0.180237769629,-0.0449939698676,0.00588639361255,0.0726255704187,1
0.179337890232,0.150043099614,0.00733890502093,-0.218194375619,0
0.182338752224,-0.0451829882319,0.00297501750855,0.0767944888051,1
0.18143509246,0.149896187916,0.00451090728465,-0.214948326615,0
0.184433016218,-0.045289961495,0.000211940752342,0.0791541209724,1
0.183527216988,0.149828950838,0.00179502317179,-0.213461930373,0
0.186523796005,-0.0453186177793,-0.00247421543568,0.0797866874923,1
0.185617423649,0.149838714382,-0.000878481685832,-0.213675833319,0
0.188614197937,-0.0452706662445,-0.00515199835221,0.0787298511096,1
0.187708784612,0.149924760608,-0.00357740133002,-0.215574084175,0
0.190707279824,-0.0451458654057,-0.00788888301352,0.075978228743,0
0.189804362516,-0.240153839623,-0.00636931843866,0.366161780404,1
0.185001285723,-0.0449419581161,0.000953917169412,0.0714773307113,1
0.184102446561,0.150166304307,0.00238346378364,-0.220904478164,0
0.187105772647,-0.0449896345466,-0.00203462577963,0.072529336311,1
0.186205979956,0.150161426549,-0.000584039053412,-0.220794828999,0
0.189209208487,-0.0449521716053,-0.0049999356334,0.0717038108456,0
0.188310165055,-0.240002085919,-0.00356585941648,0.362805050281,1
0.183510123337,-0.0448296349932,0.00369024158913,0.0689998747081,1
0.182613530637,0.150239216011,0.0050702390833,-0.222516480917,0
0.185618314957,-0.0449548365276,0.000619909464957,0.071761478365,1
0.184719218227,0.150158221914,0.00205513903226,-0.220725799691,0
0.187722382665,-0.0449930449301,-0.00235937696156,0.0726046928447,1
0.186822521766,0.150162651458,-0.000907283104667,-0.220821693147,0
0.189825774795,-0.0449463194114,-0.00532371696761,0.0715749015061,0
0.188926848407,-0.239991544308,-0.00389221893749,0.362573427492,1
0.184127017521,-0.0448144890755,0.00335924961235,0.0686657527694,1
0.18323072774,0.150259140332,0.00473256466774,-0.222955422825,0
0.186235910546,-0.0449301323872,0.000273456211239,0.0712165763129,1
0.185337307898,0.150187897356,0.0016977877375,-0.221380061233,0
0.188341065846,-0.0449582802411,-0.00272981348717,0.0718379326379,1
0.187441900241,0.150202700147,-0.00129305483441,-0.221705011376,0
0.190445954244,-0.044900744933,-0.00572715506193,0.0705697535703,0
0.189547939345,-0.239940121896,-0.00431575999052,0.361440246631,1
0.184749136907,-0.0447570931907,0.0029130449421,0.0673996006482,1
0.183853995043,0.15032297272,0.00426103695506,-0.224362822655,0
0.186860454498,-0.0448596187,-0.000226219498041,0.0696611476881,1
0.185963262124,0.150265575036,0.00116700345572,-0.223093143959,0
0.188968573624,-0.0448730365937,-0.00329485942346,0.0699576731052,0
0.188071112893,-0.239947595825,-0.00189570596136,0.361599236724,1
0.183272160976,-0.044798750613,0.00533627877312,0.0683191576673,1
0.182376185964,0.15024628992,0.00670266192646,-0.222675379071,0
0.185381111762,-0.044970818446,0.00224915434505,0.072114273659,1
0.184481695393,0.150118815917,0.00369143981823,-0.219858186891,0
0.187484071712,-0.0450557067846,-0.000705723919599,0.0739868833121,1
0.186582957576,0.150076354665,0.000774013746644,-0.218918618789,0
0.189584484669,-0.0450566522956,-0.00360435862914,0.0740083639931,1
0.188683351623,0.150116785464,-0.00212419134928,-0.219809570109,0
0.191685687333,-0.0449747375528,-0.00652038275145,0.0722025424126,0
0.190786192582,-0.240002606055,-0.0050763319032,0.362821147478,1
0.18598614046,-0.0448088740442,0.00218009104635,0.0685418867657,1
0.18508996298,0.150281753725,0.00355092878167,-0.223452413209,0
0.188095598054,-0.0448907695365,-0.000918119482509,0.0703484968415,1
0.187197782663,0.150244332384,0.000488850454322,-0.222623959763,0
0.190202669311,-0.0448846026161,-0.00396362874094,0.0702131297915,0
0.189304977259,-0.239949505025,-0.00255936614511,0.361642881205,1
0.184505987158,-0.0447912690112,0.00467349147898,0.0681540331258,1
0.183610161778,0.15026336793,0.0060365721415,-0.22305072558,0
0.186615429137,-0.0449443409759,0.00157555762989,0.0715302441685,1
0.185716542317,0.150154986906,0.00300616251326,-0.22065517067,0
0.188719642055,-0.0450098049757,-0.00140694090014,0.0729745048217,1
0.187819445956,0.150132288235,5.25491962921e-05,-0.220151985772,0
0.19082209172,-0.0449904140931,-0.00435049051914,0.0725475167794,1
0.189922283438,0.150193636095,-0.00289954018356,-0.221504828033,0
0.19292615616,-0.0448867504946,-0.00732963674422,0.0702620581537,0
0.19202842115,-0.23990285647,-0.00592439558114,0.360623465523,1
0.187230364021,-0.044697195721,0.00128807372931,0.0660783508358,1
0.186336420107,0.150406264458,0.00260964074603,-0.226197903084,0
0.189344545396,-0.0447528851426,-0.00191431731566,0.0673070580178,1
0.188449487693,0.150396459333,-0.000568176155299,-0.225979231283,0
0.19145741688,-0.044717367109,-0.00508776078096,0.0665244173587,0
0.190563069537,-0.239766006191,-0.00375727243379,0.357597794103,1
0.185767749414,-0.0445908410462,0.00339468344827,0.0637324773665,1
0.184875932593,0.150482274784,0.0046693329956,-0.227877475365,0
0.187885578088,-0.0447060925903,0.0001117834883,0.066274662894,1
0.186991456237,0.150414255791,0.00143727674618,-0.226372993504,0
0.189999741352,-0.0447282066991,-0.0030901831239,0.0667629571104,0
0.189105177218,-0.239805717585,-0.00175492398169,0.358469313918,1
0.184309062867,-0.0446588622233,0.00541446229668,0.0652335342431,1
0.183415885622,0.150385043295,0.00671913298154,-0.225736191418,0
0.186423586488,-0.044832288317,0.00220440915319,0.0690586061864,1
0.185526940722,0.150257989441,0.00358558127691,-0.222928003665,0
0.188532100511,-0.0449150263743,-0.000872978796391,0.0708837967802,1
0.187633799983,0.150219429472,0.000544697139213,-0.22207443119,0
0.190638188573,-0.0449103030565,-0.00389679148458,0.0707802651332,1
0.189739982511,0.150267297384,-0.00248118618192,-0.2231295665,0
0.192745328459,-0.0448191027799,-0.00694377751192,0.068769665001,0
0.191848946404,-0.239840817281,-0.0055683842119,0.359253730215,1
0.187052130058,-0.0446401529414,0.00161669039241,0.0648201766224,1
0.186159326999,0.150458581928,0.00291309392486,-0.227352236468,0
0.189168498638,-0.0447048789995,-0.0016339508045,0.0662481611919,1
0.188274401058,0.150440460306,-0.000308987580661,-0.226949838341,0
0.191283210264,-0.0446770737433,-0.00484798434747,0.0656356064146,0
0.190389668789,-0.239729183804,-0.00353527221918,0.356785031472,1
