0.00479141273245,-0.0430131014798,-0.0398053129632,-0.0276181257009,0
0.00393115070285,-0.237542277607,-0.0403576754772,0.252244828985,0
-0.000819694849291,-0.432065403554,-0.0353127788975,0.531929993197,0
-0.00946100292036,-0.626673335465,-0.0246741790336,0.813280104598,0
-0.0219944696297,-0.821448811907,-0.00840857694159,1.0981009145,1
-0.0384234458678,-0.626217176937,0.0135534413485,0.802791722266,0
-0.0509477894066,-0.821522334029,0.0296092757938,1.09970714053,1
-0.0673782360871,-0.626802332864,0.0516034186043,0.816459019203,1
-0.0799142827444,-0.432423432433,0.0679325989884,0.540443465577,1
-0.0885627513931,-0.238318839394,0.0787414682999,0.269914964883,0
-0.093329128181,-0.434471000065,0.0841397675976,0.586357613933,1
-0.102018548182,-0.240622038858,0.0958669198762,0.3213207447,1
-0.106830988959,-0.0469867255741,0.10229333477,0.0603431742522,0
-0.107770723471,-0.243415265291,0.103500198255,0.383467586013,1
-0.112639028777,-0.0499033976753,0.111169549976,0.125127873678,1
-0.11363709673,0.14346487523,0.113672107449,-0.130517482179,1
-0.110767799226,0.336790497452,0.111061757806,-0.38528673625,0
-0.104031989277,0.140281504264,0.103356023081,-0.0597542179523,1
-0.101226359191,0.333781361781,0.102160938721,-0.318122492954,1
-0.0945507319557,0.527311137927,0.0957984888624,-0.576920494736,0
-0.0840045091971,0.330986178655,0.0842600789677,-0.255661634059,1
-0.077384785624,0.524810342784,0.0791468462865,-0.520623251291,0
-0.0668885787684,0.328668667358,0.0687343812606,-0.204086877112,1
-0.0603152054212,0.522743775599,0.0646526437184,-0.474320141537,0
-0.0498603299092,0.326771228324,0.0551662408877,-0.161980837366,1
-0.0433249053427,0.521061809486,0.0519266241403,-0.436762706561,1
-0.032903669153,0.715411744586,0.0431913700091,-0.712635099633,0
-0.0185954342613,0.519719224368,0.0289386680164,-0.406675759166,1
-0.00820104977394,0.714419125836,0.0208051528331,-0.690096550886,0
0.00608733274278,0.519014738128,0.00700322181541,-0.390937129602,0
0.0164676275053,0.323794098515,-0.000815520776639,-0.096054420734,1
0.0229435094756,0.518927728654,-0.00273660919132,-0.38899453169,0
0.0333220640487,0.323844727126,-0.0105164998251,-0.0971756872319,1
0.0397989585912,0.519115812175,-0.0124600135698,-0.39315791165,0
0.0501812748347,0.324172872748,-0.0203231718028,-0.10442935037,1
0.0566647322897,0.519580086784,-0.0224117588102,-0.403454242741,0
0.0670563340254,0.324783044678,-0.030480843665,-0.117920565022,0
0.0735519949189,0.130110779246,-0.0328392549654,0.164992213319,1
0.0761542105039,0.325687055821,-0.029539410699,-0.13786703697,0
0.0826679516203,0.131000375455,-0.0322967514384,0.14535225973,1
0.0852879591294,0.326569600516,-0.0293897062438,-0.15734218967,0
0.0918193511397,0.131880489401,-0.0325365500372,0.125926033535,1
0.0944569609277,0.327453086033,-0.0300180293665,-0.176841654314,0
0.101006022648,0.132773294934,-0.0335548624528,0.106222500051,1
0.103661488547,0.328359634206,-0.0314304124518,-0.196855140561,0
0.110228681231,0.133701022129,-0.035367515263,0.0857495463286,1
0.112902701674,0.329311622668,-0.0336525243364,-0.217878744205,0
0.119488934127,0.134686496913,-0.0380100992205,0.0640016766114,0
0.122182664065,-0.0598704529915,-0.0367300656883,0.344454031167,1
0.120985255006,0.135754234453,-0.029840985065,0.0404187039577,0
0.123700339695,-0.0589273737618,-0.0290326109858,0.323539157635,1
0.122521792219,0.136595693622,-0.0225618278331,0.0218437629888,1
0.125253706092,0.332033816015,-0.0221249525733,-0.277871424616,0
0.131894382412,0.137234375132,-0.0276823810657,0.0077520165265,0
0.134639069915,-0.0574798594608,-0.0275273407351,0.291573885731,1
0.133489472726,0.138023554791,-0.0216958630205,-0.00966215109668,0
0.136249943821,-0.0567806371723,-0.0218891060425,0.276097283938,1
0.135114331078,0.138646657529,-0.0163671603637,-0.0234083174605,1
0.137887264229,0.333999458293,-0.0168353267129,-0.321210000884,0
0.144567253394,0.139121251252,-0.0232595267306,-0.0338834670817,0
0.147349678419,-0.0556595615047,-0.0239371960722,0.251371038204,1
0.146236487189,0.139795884408,-0.0189097753081,-0.0487650028508,0
0.149032404877,-0.0550498840657,-0.0198850753652,0.237892254142,1
0.147931407196,0.140350422482,-0.0151272302823,-0.0609960861338,0
0.150738415646,-0.0545514069544,-0.016347152005,0.226875972581,1
0.149647387507,0.140800304266,-0.0118096325534,-0.0709182909741,0
0.152463393592,-0.0541503638662,-0.0132279983729,0.218015368246,1
0.151380386315,0.141158160226,-0.00886769100793,-0.078810705066,0
0.154203549519,-0.0538355537933,-0.0104439051093,0.211061298915,1
0.153126838443,0.141434155118,-0.00622267913096,-0.0848977425754,1
0.155955521546,0.33664474952,-0.00792063398246,-0.379537420884,0
0.162688416536,0.141636169078,-0.0155113824002,-0.0893623678239,0
0.165521139918,-0.0532600518499,-0.0172986297566,0.198386631258,1
0.164455938881,0.142104996111,-0.0133308971315,-0.0997026391239,0
0.167298038803,-0.0528233878892,-0.015324949914,0.188744788633,1
0.166241571045,0.142514422012,-0.0115500541413,-0.108732878898,0
0.169091859485,-0.0524401295658,-0.0137247117192,0.180283802516,1
0.168043056894,0.142875502331,-0.0101190356689,-0.11669699096,0
0.170900566941,-0.0521000106882,-0.0124529754881,0.172776359608,1
0.169858566727,0.14319793735,-0.00899744829596,-0.123808928303,0
0.172722525474,-0.0517939638136,-0.011473626862,0.166021870371,1
0.171686646198,0.143490332042,-0.0081531894546,-0.130258464889,0
0.174556452838,-0.0515138821758,-0.0107583587524,0.159841123243,1
0.173526175195,0.143760425885,-0.00756153628751,-0.13621628435,0
0.176401383713,-0.0512524069982,-0.0102858619745,0.154071531869,1
0.175376335573,0.144015298334,-0.00720443133712,-0.141838522023,0
0.178256641539,-0.0510027351412,-0.0100412017776,0.148562852095,1
0.177236586837,0.144261555205,-0.00706994473568,-0.147270881514,0
0.180121817941,-0.0507584423872,-0.010015362366,0.143173257541,1
0.179106649093,0.144505500784,-0.00715189721513,-0.152652434823,0
0.181996759109,-0.0505133179772,-0.0102049459116,0.137765672139,1
0.180986492749,0.144753300091,-0.0074496324688,-0.158119205684,0
0.183881558751,-0.050261206267,-0.0106120165825,0.132204265159,1
0.182876334626,0.145011135419,-0.00796793127931,-0.163807628911,0
0.185776557334,-0.0499958515506,-0.0112440838575,0.126351019141,1
0.184776640303,0.145285361112,-0.00871706347471,-0.169857974077,0
0.187682347525,-0.0497107421999,-0.0121142229562,0.120062283851,1
0.186688132681,0.145582660362,-0.00971297727922,-0.176417819567,0
0.189599785888,-0.0493989503023,-0.0132413336706,0.113185229913,1
0.188611806882,0.145910207811,-0.0109776290723,-0.183645662879,0
0.191530011039,-0.0490529629276,-0.0146505423299,0.105554114264,1
0.19054895178,0.146275841732,-0.0125394600446,-0.191714754856,0
0.193474468615,-0.0486645010449,-0.0163737551417,0.0969862659392,0
0.192501178594,-0.243547998176,-0.0144340298229,0.384458657419,1
0.18763021863,-0.0482241293641,-0.00674485667455,0.0872599167639,1
0.186665736043,0.146993850108,-0.00499965833927,-0.207543364495,0
0.189605613045,-0.0480562532449,-0.00915052562916,0.0835582404249,0
0.18864448798,-0.243045847574,-0.00747936082066,0.373340169843,1
0.183783571029,-0.0478184515297,-1.25574238033e-05,0.0783083550472,1
0.182827201998,0.147303679704,0.00155360967714,-0.214378533663,0
0.185773275592,-0.0478404483914,-0.00273396099612,0.0787940662766,1
0.184816466624,0.147320588338,-0.00115807967059,-0.214750178295,0
0.187762878391,-0.0477847872984,-0.00545308323649,0.0775672135635,0
0.186807182645,-0.24282814251,-0.00390173896522,0.368524697991,1
0.181950619795,-0.0476509695934,0.00346875499461,0.0746140587383,1
0.180997600403,0.1474210821,0.00496103616938,-0.216972446512,0
0.183946022045,-0.0477714371038,0.000621587239137,0.077271267911,1
0.182990593303,0.147341597752,0.00216701259736,-0.215215481197,0
0.185937425258,-0.0478112665235,-0.00213729702658,0.0781502291017,1
0.184981199928,0.147341258606,-0.00057429244455,-0.215206254842,0
0.1879280251,-0.0477724776618,-0.00487841754138,0.0772954593271,0
0.186972575546,-0.242824155122,-0.00333250835484,0.368435244937,1
0.182116092444,-0.0476550111406,0.00403619654389,0.0747033989243,1
0.181162992221,0.147408845199,0.00553026452238,-0.216703363705,0
0.184111169125,-0.0477917262982,0.00119619724827,0.0777189055494,1
0.183155334599,0.14731305634,0.00275057535926,-0.214586377122,0
0.186101595726,-0.0478481103508,-0.00154115218317,0.0789629336587,1
0.185144633519,0.147295899922,3.81064900043e-05,-0.214205832691,0
0.188090551517,-0.0478265960736,-0.00424601016382,0.0784891143982,1
0.187134019596,0.147355965417,-0.00267622787585,-0.215530411927,0
0.190081138904,-0.0477276240131,-0.0069868361144,0.076307114242,0
0.189126586424,-0.242748720146,-0.00546069382956,0.36677750527,1
0.184271612021,-0.0475495987246,0.00187485627585,0.0723777526283,1
0.183320620047,0.147545423779,0.00332241132841,-0.219713059373,0
0.186271528522,-0.0476238612219,-0.00107184985904,0.0740160394932,1
0.185319051298,0.147513439749,0.000408470930826,-0.219004867622,0
0.188269320093,-0.0476143480451,-0.00397162642161,0.0738068801019,0
0.187317033132,-0.242679136897,-0.00249548881957,0.365234100598,1
0.182463450394,-0.0475218105599,0.00480919319238,0.0717653496413,1
0.181513014183,0.147530864931,0.00624450018521,-0.21939638282,0
0.184463631481,-0.0476797890186,0.00185657252882,0.0752497602449,1
0.183510035701,0.147415497347,0.00336156773371,-0.216846832944,0
0.186458345648,-0.0477543477229,-0.000975368925157,0.0768945796303,1
0.185503258693,0.147381572496,0.000562522667449,-0.216095919885,0
0.188450890143,-0.0477484159749,-0.00375939573025,0.0767643981674,1
0.187495921824,0.147427226525,-0.0022241077669,-0.217102256505,0
0.190444466354,-0.0476628594998,-0.00656615289699,0.0748782616056,0
0.189491209164,-0.242690065856,-0.00506858766487,0.365482329727,1
0.184637407847,-0.0474964523703,0.00224105892966,0.0712055120756,1
0.1836874788,0.147593298285,0.00366516917117,-0.220769508277,0
0.186639344766,-0.047580850231,-0.000750220994373,0.0730673054233,1
0.185687727761,0.147551848308,0.000711125114092,-0.219852224966,0
0.188638764727,-0.0475802607289,-0.00368591938523,0.073054935346,0
0.187687159513,-0.242649176225,-0.00222482067831,0.364572663091,1
0.182834175988,-0.0474956771025,0.00506663258351,0.07118904215,1
0.181884262446,0.147553271119,0.00649041342651,-0.219891041291,0
0.184835327868,-0.047660851635,0.00209259260068,0.0748321433965,1
0.183882110836,0.147431037755,0.00358923546861,-0.217189828191,0
0.186830731591,-0.0477420387569,-0.000754561095202,0.0766231337871,1
0.185875890816,0.147390721517,0.00077790158054,-0.216297764239,0
0.188823705246,-0.0477423417984,-0.00354805370425,0.076630445215,1
0.18786885841,0.147430293172,-0.00201544479995,-0.217169790118,0
0.190817464273,-0.0476627884472,-0.00635884060232,0.0748766975876,0
0.189864208504,-0.242693004808,-0.00486130665056,0.365546621097,1
0.185010348408,-0.0475023076983,0.00244962577138,0.0713348165035,1
0.184060302254,0.147584438947,0.00387632210145,-0.220574236221,0
0.187011991033,-0.0475927052652,-0.000535162622973,0.0733289164141,1
0.186060136928,0.147536914071,0.000931415705309,-0.219522808481,0
0.189010875209,-0.0475983388274,-0.00345904046431,0.0734537800802,0
0.188058908433,-0.242670530166,-0.0019899648627,0.365043360698,1
0.18320549783,-0.0475203552671,0.00531090235126,0.0717336286562,1
0.182255090724,0.147525055398,0.00674557492438,-0.219268963358,0
0.185205591832,-0.0476926679341,0.00236019565723,0.075534143441,1
0.184251738473,0.147395368371,0.00387087852605,-0.216403199082,0
0.187199645841,-0.0477817055188,-0.000457185455581,0.0774982538447,1
0.186244011731,0.147346796745,0.00109277962131,-0.215328881481,0
0.189190947665,-0.0477907600376,-0.00321379800831,0.0776985560673,1
0.188235132465,0.147377115006,-0.00165982688696,-0.215996599644,0
0.191182674765,-0.047721068131,-0.00597975887985,0.0761622830555,0
0.190228253402,-0.242756786456,-0.00445651321874,0.366952591431,1
0.185373117673,-0.047571792254,0.00288253860987,0.0728677969285,1
0.184421681828,0.1475087157,0.00433989454844,-0.218904284129,0
0.187371856142,-0.0476750032954,-3.81911341403e-05,0.075144462193,1
0.186418356076,0.14744749541,0.00146469810972,-0.217550513845,0
0.189367305984,-0.0476953634307,-0.00288631216717,0.0755940815203,1
0.188413398716,0.147467846442,-0.00137443053677,-0.21799808849,0
0.191362755645,-0.047634430213,-0.00573439230657,0.0742509676226,0
0.19041006704,-0.242673705224,-0.00424937295412,0.36511916791,1
0.185556592936,-0.0474916230695,0.00305301040408,0.071099376112,1
0.184606760474,0.147586425796,0.00447499792631,-0.2206187498,0
0.18755848899,-0.0475992040875,6.26229303143e-05,0.0734724084966,1
0.186606504909,0.147521849301,0.00153207110025,-0.219190759871,0
0.189556941895,-0.0476219686972,-0.00285174409718,0.0739750523166,1
0.188604502521,0.147540749127,-0.00137224305085,-0.219606245686,0
0.191555317503,-0.047561559827,-0.00576436796456,0.0726435028737,0
0.190604086307,-0.242600398887,-0.00431149790708,0.363502186128,1
0.185752078329,-0.0474174365233,0.00295854581547,0.0694628873141,1
0.184803729598,0.147661974054,0.00434780356175,-0.222285136705,0
0.187756969079,-0.0475218506866,-9.78991723443e-05,0.071766083402,1
0.186806532066,0.147601503922,0.0013374224957,-0.220947729464,0
0.0468682049989,0.0497624837309,-0.0411704278482,-0.000716755942097,0
0.0478634546736,-0.144745580126,-0.041184762967,0.278697419131,0
0.044968543071,-0.339256541939,-0.0356108145844,0.558111554324,0
0.0381834122323,-0.533860983431,-0.0244485834979,0.839365781476,1
0.0275061925637,-0.338413893022,-0.00766126786842,0.539095592918,0
0.0207379147032,-0.53342730945,0.00312064398994,0.829354742145,1
0.0100693685142,-0.338348157434,0.0197077388328,0.537654906786,1
0.00330240536555,-0.143508749644,0.0304608369686,0.251246249407,0
0.000432230372678,-0.339052136223,0.0354857619567,0.553379362975,1
-0.00634881235177,-0.144445999522,0.0465533492162,0.272084554996,1
-0.00923773234222,0.0499818243668,0.0519950403161,-0.00555947129282,0
-0.00823809585489,-0.145845764098,0.0518838508903,0.303064593217,1
-0.0111550111368,0.0484998324685,0.0579451427546,0.027185493848,0
-0.0101850144875,-0.147403160426,0.0584888526316,0.337573132663,1
-0.013133077696,0.0468398194896,0.0652403152848,0.0638928118501,1
-0.0121962813062,0.240968668339,0.0665181715218,-0.207513929257,0
-0.00737690793942,0.0449617180973,0.0623678929367,0.10538821067,1
-0.00647767357748,0.239137021669,0.0644756571501,-0.166984182007,1
-0.0016949331441,0.433279638605,0.06113597351,-0.438650300518,0
0.006970659628,0.237348077807,0.0523629674996,-0.127339242998,1
0.0117176211841,0.43168231462,0.0498161826396,-0.403053380267,1
0.0203512674765,0.626063634965,0.0417551150343,-0.679623744744,0
0.0328725401759,0.430387308823,0.0281626401394,-0.374092651141,1
0.0414802863523,0.625098127788,0.0206807871166,-0.657764341628,0
0.0539822489081,0.429694511379,0.00752550028406,-0.358641876624,0
0.0625761391357,0.234466390878,0.000352662751575,-0.0635955119216,1
0.0672654669532,0.429583284014,-0.000919247486857,-0.356167150578,0
0.0758571326335,0.234474414438,-0.00804259049843,-0.06377422859,1
0.0805466209223,0.429710747271,-0.00931807507022,-0.358983752613,0
0.0891408358677,0.234722490395,-0.0164977501225,-0.06925353925,1
0.0938352856756,0.430077033184,-0.0178828209075,-0.367095594773,0
0.102436826339,0.235213701389,-0.025224732803,-0.0801046022447,0
0.107141100367,0.0404622636559,-0.0268268248479,0.204514335895,1
0.10795034564,0.235957379488,-0.02273653813,-0.0965089644647,0
0.11266949323,0.0411685512877,-0.0246667174193,0.188914792705,1
0.113492864256,0.236634556607,-0.0208884215651,-0.111446301308,0
0.118225555388,0.041818054561,-0.0231173475913,0.174573952072,1
0.119061916479,0.237263095804,-0.0196258685499,-0.125311172038,0
0.123807178395,0.0424277257848,-0.0221320919906,0.161115965603,1
0.124655732911,0.237859416138,-0.0189097726786,-0.138466080555,0
0.129412921234,0.0430133378111,-0.0216790942897,0.148191641922,1
0.13027318799,0.238438917682,-0.0187152614512,-0.151251000019,0
0.135041966343,0.0435898835249,-0.0217402814516,0.13546940103,1
0.135913764014,0.239016377299,-0.019030893431,-0.163992206868,0
0.14069409156,0.0441719546256,-0.0223107375684,0.122626757978,1
0.141577530652,0.239606324064,-0.0198582024088,-0.177010651012,0
0.146369657134,0.0447741077604,-0.0233984154291,0.109342123742,1
0.147265139289,0.240223402878,-0.0212115729542,-0.190630074753,0
0.152069607347,0.0454112260487,-0.0250241744493,0.0952867191377,1
0.152977831867,0.240882734429,-0.0231184400665,-0.205185083129,0
0.157795486556,0.0460988839199,-0.0272221417291,0.0801164016927,0
0.158717464234,-0.148622469509,-0.0256198136953,0.36408789432,1
0.155745014844,0.0468540474254,-0.0183380558089,0.0634379417969,1
0.156682095793,0.242234055235,-0.0170692969729,-0.234973880118,0
0.161526776897,0.0473600898876,-0.0217687745753,0.0522763553266,0
0.162473978695,-0.147443068342,-0.0207232474688,0.338012346217,1
0.159525117328,0.0479675501398,-0.0139630005444,0.0388671573149,1
0.160484468331,0.243286918418,-0.0131856573981,-0.258188323948,0
0.1653502067,0.0483556690844,-0.0183494238771,0.0303066611875,0
0.166317320081,-0.146498400033,-0.0177432906533,0.317144132632,1
0.163387352081,0.0488717214678,-0.0114004080007,0.0189188258854,1
0.16436478651,0.244155296018,-0.011022031483,-0.277339147843,0
0.16924789243,0.0491923099575,-0.0165688144398,0.0118471559482,0
0.170231738629,-0.145688151718,-0.0163318713209,0.299256716053,1
0.167317975595,0.0496627416399,-0.0103467369998,0.00146809789017,0
0.168311230428,-0.145309305623,-0.010317375042,0.290868627978,1
0.165405044315,0.0499582288967,-0.00450000248246,-0.00505033897591,1
0.166404208893,0.245144426547,-0.00460100926197,-0.299149667327,0
0.171307097424,0.0500883600336,-0.0105840026085,-0.00792135640058,0
0.172308864625,-0.14488021505,-0.0107424297365,0.28140348726,1
0.169411260324,0.050393307769,-0.00511435999133,-0.0146481098371,0
0.170419126479,-0.144654925093,-0.00540732218807,0.276416797822,1
0.167526027977,0.0505437528402,0.000121013768359,-0.0179666834849,1
0.168536903034,0.245663968374,-0.000238319901339,-0.310611426595,0
0.173450182402,0.0505454133894,-0.00645054843324,-0.0180036684797,0
0.17446109067,-0.144483438355,-0.00681062180283,0.272637074769,1
0.171571421902,0.0507350276792,-0.00135788030745,-0.0221861402951,1
0.172586122456,0.245876425886,-0.00180160311336,-0.315297184436,0
0.177503650974,0.050780183837,-0.00810754680208,-0.0231829673199,0
0.17851925465,-0.144224564753,-0.00857120614847,0.266930949386,1
0.175634763355,0.0510186587618,-0.00323258716076,-0.0284430319632,0
0.176655136531,-0.144056786146,-0.00380144780002,0.263218227582,1
0.173774000808,0.051119219542,0.00146291675161,-0.0306612885473,1
0.174796385199,0.246220161214,0.000849690980668,-0.322882290529,0
0.179720788423,0.0510861209193,-0.00560795482991,-0.0299315266295,0
0.180742510841,-0.143954961793,-0.0062065853625,0.260976766965,1
0.177863411605,0.0512550360229,-0.0009870500232,-0.0336573142925,1
0.178888512326,0.246391127973,-0.00166019630905,-0.326651502292,0
0.183816334885,0.0512928528772,-0.00819322635488,-0.0344925904431,0
0.184842191943,-0.143710652443,-0.00888307816375,0.255594068208,1
0.181967978894,0.0515369949618,-0.00377119679959,-0.0398774385006,0
0.182998718793,-0.143530675148,-0.0045687455696,0.251613256758,1
0.18012810529,0.0516562173572,0.000463519565546,-0.0425072328647,0
0.181161229637,-0.143472377526,-0.000386625091747,0.250321902764,1
0.178291782087,0.0516550926933,0.00461981296354,-0.0424829484626,1
0.179324883941,0.246710493504,0.00377015399429,-0.333704707251,0
0.184259093811,0.0515350858616,-0.00290394015073,-0.0398352538136,0
0.185289795528,-0.143545102965,-0.00370064522701,0.251930038408,1
0.182418893469,0.0516294957173,0.00133795554115,-0.0419178421765,1
0.183451483383,0.246732235457,0.000499598697623,-0.334178331031,0
0.188386128092,0.0516031772583,-0.006183967923,-0.0413378982495,0
0.189418191637,-0.143429553657,-0.00701072588799,0.249387529407,1
0.186549600564,0.0517918108739,-0.00202297529984,-0.045498457557,0
0.187585436782,-0.143301073664,-0.00293294445098,0.246545516115,1
0.184719415308,0.0518626432589,0.00199796587133,-0.0470610845802,1
0.185756668174,0.246955888133,0.00105674417972,-0.339112966226,0
0.190695785936,0.0518189161705,-0.0057255151448,-0.0460969889849,0
0.19173216426,-0.143220468621,-0.0066474549245,0.244774000694,1
0.188867754887,0.051995794274,-0.00175197491062,-0.0499982612689,0
0.189907670773,-0.143100991569,-0.002751940136,0.24213138801,1
0.187045650941,0.0520601607508,0.0020906876242,-0.0514183013564,1
0.188086854156,0.247152071535,0.00106232159707,-0.343440866262,0
0.193029895587,0.05201502344,-0.00580649572817,-0.0504231367927,0
0.194070196056,-0.143023189258,-0.00681495846402,0.240422150274,1
0.191209732271,0.0521954476955,-0.00200651545854,-0.0544025874608,0
0.192253641225,-0.142897675554,-0.00309456720775,0.237646593166,1
0.189395687714,0.0522683487451,0.00165836465556,-0.0560108428579,1
0.190441054689,0.247366482448,0.000538147798401,-0.348170082012,0
0.195388384337,0.0522368811823,-0.00642525384183,-0.0553175070508,0
0.196433121961,-0.142792355081,-0.00753160398285,0.23533129706,1
0.193577274859,0.0524363890433,-0.00282497804165,-0.0597177840316,0
0.19462600264,-0.142644943986,-0.00401933372228,0.232072505438,1
0.191773103761,0.0525342078333,0.000622116386487,-0.0618755383806,0
0.192823787917,-0.142596657594,-0.000615394381125,0.231003605325,1
0.189971854765,0.0525340818344,0.00400467772537,-0.0618733743304,1
0.191022536402,0.247598386785,0.00276721023876,-0.353290113405,0
0.195974504138,0.0524371962342,-0.00429859202935,-0.059735889635,0
0.197023248062,-0.142622858882,-0.00549330982205,0.231587707654,1
0.194170790885,0.0525771544164,-0.000861555668964,-0.0628229194361,0
0.195222333973,-0.14253243356,-0.00211801405769,0.229588056575,1
0.192371685302,0.0526197200132,0.00247374707381,-0.0637622128664,1
0.193424079702,0.247706116684,0.00119850281648,-0.355663631613,0
0.198378202036,0.0525671456152,-0.00591476981578,-0.0626030254904,0
0.199429544948,-0.142469504486,-0.00716683032559,0.228207900045,1
0.196580154859,0.0527541282185,-0.00260267232469,-0.0667270586019,0
0.197635237423,-0.142330411652,-0.00393721349673,0.225133575291,1
0.19478862919,0.0528475883144,0.000565458009099,-0.0687886932522,0
0.195845580956,-0.142282465223,-0.000810315855945,0.224072584906,1
0.192999931652,0.052851058039,0.00367113584218,-0.0688658367271,1
0.194056952812,0.247920184892,0.00229381910764,-0.360388243751,0
0.19901535651,0.0527657028528,-0.00491394576739,-0.0669829085849,0
0.200070670567,-0.142285453215,-0.00625360393909,0.224145598878,1
0.197224961503,0.0529253163804,-0.00177069196153,-0.070503377446,0
0.198283467831,-0.142171204407,-0.00318075951046,0.221620361799,1
0.195440043743,0.0529960663579,0.00125164772552,-0.0720642051548,0
0.19649996507,-0.142143806592,-0.000189636377581,0.221013359323,1
0.193657088938,0.0529808547396,0.00423063080888,-0.0717293805069,1
0.194716706033,0.248041899026,0.00279604319874,-0.363074526757,0
0.199677544013,0.0528803198972,-0.0044654473364,-0.069511266742,0
0.200735150411,-0.142177327579,-0.00585567267124,0.221759450204,1
0.19789160386,0.0530278299424,-0.00142048366717,-0.0727648239915,0
0.198952160458,-0.142073728022,-0.002875780147,0.219469595645,1
0.196110685898,0.053089212628,0.0015136117659,-0.0741190830149,0
0.19717247015,-0.142054405141,3.12301056061e-05,0.219041010019,1
0.194331382048,0.0530670996414,0.00441205030598,-0.0736320653603,1
0.19539272404,0.248125521931,0.00293940899878,-0.364919712434,0
0.200355234479,0.052961920793,-0.00435898524991,-0.0713113904043,0
0.201414472895,-0.142097267428,-0.00578521305799,0.219993074623,1
0.198572527546,0.0531068991696,-0.00138535156553,-0.0745091185178,0
0.19963466553,-0.141995164212,-0.00287553393588,0.217736402495,1
0.196794762246,0.0531677750653,0.00147919411401,-0.0758522019267,0
0.197858117747,-0.141975350386,-3.78499245251e-05,0.21729704893,1
0.195018610739,0.0531471418924,0.00430809105407,-0.0753978171566,0
0.196081553577,-0.142036303938,0.00280013471093,0.218641209542,1
0.193240827498,0.0530455081341,0.00717295890178,-0.0731571228452,1
0.194301737661,0.248063895428,0.00570981644488,-0.363568346517,0
0.199263015569,0.0528612608402,-0.00156155048546,-0.0690904907068,0
0.200320240786,-0.142238267959,-0.0029433602996,0.223099350032,1
0.197475475427,0.0529256284686,0.00151862670104,-0.0705105732061,0
0.198533987996,-0.14221806175,0.000108415236913,0.222651100667,1
0.195689626761,0.0529023397115,0.00456143725025,-0.0699976257265,1
0.196747673556,0.247958598998,0.00316148473572,-0.361237912901,0
0.201706845536,0.0527918529835,-0.00406327352229,-0.067559781931,0
0.202762682595,-0.142271608035,-0.00541446916091,0.22383839507,1
0.199917250435,0.0529273096931,-0.000937701259504,-0.0705475357793,0
0.200975796628,-0.142181185526,-0.00234865197509,0.221839394253,1
0.198132172918,0.0529742571426,0.00208813590997,-0.0715834654141,1
0.199191658061,0.24806620972,0.000656466601689,-0.363606844773,0
0.204152982255,0.052934934639,-0.00661567029377,-0.0707169940528,0
0.205211680948,-0.142091548675,-0.00803001017482,0.219871336256,1
0.202369849974,0.053144259838,-0.0036325834497,-0.0753337324246,0
0.203432735171,-0.141925427044,-0.00513925809819,0.216200890159,1
0.20059422663,0.0532696157692,-0.000815240294998,-0.0780987426835,0
0.201659618946,-0.14184063908,-0.00237721514867,0.214326861714,1
0.198822806164,0.0533152175228,0.00190932208562,-0.0791049966435,0
0.199889110515,-0.141834052392,0.000327222152746,0.214179715016,1
0.197052429467,0.0532832190995,0.00461081645307,-0.0783999732401,1
0.198118093849,0.248338769627,0.00304281698827,-0.369624613697,0
0.203084869241,0.053173718023,-0.00434967528566,-0.0759838047116,0
0.204148343602,-0.141885607743,-0.0058693513799,0.215323615596,1
0.201310631447,0.0533197590977,-0.00156287906798,-0.0792049705637,0
0.202377026629,-0.141779752881,-0.00314697847925,0.212984453735,1
0.199541431571,0.0533870496184,0.00111271059545,-0.0806895105398,0
0.200609172564,-0.14175083474,-0.00050107961535,0.212344271641,1
0.197774155869,0.0533782770659,0.00374580581748,-0.0804966767231,0
0.19884172141,-0.14179716993,0.00213587228302,0.213365704219,1
0.196005778012,0.0532941795905,0.0064031863674,-0.0786427065903,1
0.197071661603,0.2483237558,0.0048303322356,-0.369298549722,0
0.202038136719,0.0531335075546,-0.00255563875885,-0.0750964808419,0
0.20310080687,-0.141951713055,-0.00405756837568,0.216779037477,1
-0.00179397370921,-0.0480274847056,-0.0282006356512,0.0460214450486,0
-0.00275452340332,-0.242733943053,-0.0272802067502,0.32967511827,0
-0.00760920226438,-0.43745714166,-0.0206867043849,0.613631850739,0
-0.0163583450976,-0.632283999147,-0.00841406737007,0.899728151266,0
-0.0290040250805,-0.827290920936,0.00958049565525,1.18975447303,1
-0.0455498434992,-0.632294438826,0.0333755851159,0.900089795844,1
-0.0581957322758,-0.437640271538,0.0513773810328,0.618081753509,1
-0.0669485377065,-0.243272218904,0.063739016103,0.34201269114,0
-0.0718139820846,-0.439240361931,0.0705792699257,0.654094578294,1
-0.0805987893232,-0.245168447797,0.0836611614916,0.38444455532,1
-0.0855021582791,-0.0513277214897,0.091350052598,0.119268117605,1
-0.0865287127089,0.142374732864,0.0937354149501,-0.143254517586,0
-0.0836812180517,-0.0539559347731,0.0908703245984,0.177466535454,1
-0.0847603367471,0.13975603435,0.0944196553075,-0.0852234500384,1
-0.0819652160601,0.33340662363,0.0927151863067,-0.346687338103,0
-0.0752970835875,0.137096586481,0.0857814395447,-0.0262677733324,1
-0.0725551518579,0.330890302771,0.085256084078,-0.290700661752,1
-0.0659373458025,0.524699665954,0.079442070843,-0.555323869475,0
-0.0554433524834,0.328557447577,0.0683355934535,-0.238707040348,1
-0.0488722035319,0.522639997685,0.0635614526465,-0.509076360042,0
-0.0384194035782,0.326682845048,0.0533799254457,-0.197059703135,1
-0.0318857466772,0.521002248849,0.049438731383,-0.472437388593,0
-0.0214657017002,0.325218175792,0.0399899836111,-0.164591039038,1
-0.0149613381844,0.519745529606,0.0366981628304,-0.444394863131,0
-0.00456642759224,0.324124082969,0.0278102655677,-0.140373423359,1
0.00191605406714,0.518836918293,0.0250027971006,-0.424154574667,1
0.012292792433,0.713595923447,0.0165197056072,-0.708851716953,0
0.0265647109019,0.518249096818,0.00234267126817,-0.411014886261,0
0.0369296928383,0.323094012857,-0.00587762645705,-0.117594318871,1
0.0433915730954,0.518299683171,-0.00822951283448,-0.412125778832,0
0.0537575667588,0.323295352542,-0.0164720284111,-0.12204863728,1
0.0602234738097,0.518649376594,-0.0189130011567,-0.419882477896,0
0.0705964613416,0.323800447175,-0.0273106507146,-0.133221446391,0
0.0770724702851,0.129080127505,-0.0299750796425,0.150721779405,1
0.0796540728352,0.324618191875,-0.0269606440544,-0.151264911779,0
0.0861464366726,0.129892460824,-0.0299859422899,0.132792065953,1
0.0887442858891,0.325430819815,-0.0273301009709,-0.169198163641,0
0.0952529022854,0.130710503407,-0.0307140642437,0.114739185833,1
0.0978671123535,0.326258774208,-0.028419280527,-0.187473393067,0
0.104392287838,0.131554706583,-0.0321687483884,0.0961106321246,1
0.107023381969,0.32712259354,-0.0302465357459,-0.206545407944,0
0.11356583384,0.13244592648,-0.0343774439048,0.0764449017554,1
0.11621475237,0.328043408853,-0.0328485458697,-0.226882947655,0
0.122775620547,0.133405927396,-0.0373862048228,0.0552600385738,0
0.125443739095,-0.0611605721737,-0.0362810040513,0.335916864491,1
0.124220527651,0.134458419162,-0.0295626667615,0.0320172026676,0
0.126909696035,-0.0602273906182,-0.0289223227081,0.315228159096,1
0.125705148222,0.135294350235,-0.0226177595262,0.0135662273849,1
0.128411035227,0.330733244239,-0.0223464349785,-0.286166186696,0
0.135025700112,0.135936998158,-0.0280697587124,-0.000614075195851,0
0.137744440075,-0.0587713806869,-0.0280820402163,0.283082015522,1
0.136569012461,0.136739622684,-0.0224203999059,-0.018323896742,0
0.139303804915,-0.0580537387733,-0.0227868778407,0.267201664955,1
0.138142730139,0.137385885306,-0.0174428445416,-0.0325804264777,0
0.140890447845,-0.0574816410174,-0.0180944530712,0.254548461134,1
0.139740815025,0.137893930673,-0.0130034838485,-0.0437864008032,1
0.142498693639,0.333199909253,-0.0138792118646,-0.340543517232,0
0.149162691824,0.138278157677,-0.0206900822092,-0.0522694079014,0
0.151928254977,-0.0565411058728,-0.0217354703672,0.233814490868,1
0.15079743286,0.138884552015,-0.0170591805499,-0.0656444800259,0
0.1535751239,-0.0559887155733,-0.0183720701504,0.221607733186,1
0.152455349588,0.139390953683,-0.0139399154867,-0.076813396553,0
0.155243168662,-0.0555284135809,-0.0154761834177,0.211439044651,1
0.154132600391,0.139811355223,-0.0112474025247,-0.0860853358515,0
0.156928827495,-0.0551475821635,-0.0129691092417,0.203027906477,1
0.155825875852,0.140157419155,-0.00890855111222,-0.0937177696735,0
0.158629024235,-0.0548357212048,-0.0107829065057,0.196141255233,1
0.157532309811,0.140438794719,-0.00686008140104,-0.0999236033143,0
0.160341085705,-0.0545841712613,-0.00885855346732,0.190587114129,1
0.15924940228,0.14066338293,-0.00504681118473,-0.104877106501,0
0.162062669938,-0.0543858815112,-0.00714435331474,0.186209308006,1
0.160974952308,0.140837555924,-0.00342016715462,-0.10871879677,0
0.163791703427,-0.05423521795,-0.00559454309002,0.182883125455,1
0.162706999068,0.14096633594,-0.00193688058091,-0.111559410283,1
0.165526325787,0.336115987706,-0.00416806878656,-0.404852781388,0
0.172248645541,0.141053393452,-0.0122651244143,-0.113486840266,0
0.17506971341,-0.0538906839807,-0.0145348612196,0.175301425432,1
0.17399189973,0.141436234115,-0.011028832711,-0.121931102099,0
0.176820624412,-0.0535259851754,-0.013467454753,0.167252030238,1
0.175750104709,0.141786126313,-0.0101224141482,-0.129648881245,0
0.178585827235,-0.0531893688415,-0.0127153917731,0.159823439307,1
0.177522039858,0.142112292824,-0.00951892298696,-0.136843595504,0
0.180364285715,-0.0528720325529,-0.012255794897,0.152821120935,1
0.179306845064,0.142423241564,-0.00919937247834,-0.14370290334,0
0.182155309895,-0.0525657625697,-0.0120734305451,0.146063649373,1
0.181103994644,0.142726988315,-0.00915215755767,-0.150403629024,0
0.18395853441,-0.0522627218375,-0.0121602301381,0.139377989988,1
0.182913279973,0.14303126428,-0.00937267033838,-0.15711635024,0
0.185773905259,-0.0519552494234,-0.0125149973432,0.132595048946,1
0.18473480027,0.14334371369,-0.00986309636427,-0.164009767646,0
0.187601674544,-0.0516356664646,-0.0131432917172,0.12554537359,1
0.186568961215,0.143672086444,-0.0106323842454,-0.171254968658,0
0.189442402944,-0.0512960838636,-0.0140574836186,0.118054894375,1
0.188416481266,0.144024430504,-0.0116963857311,-0.179029693338,0
0.191296969876,-0.0509282070452,-0.0152769795978,0.109940601279,1
0.190278405736,0.144409288665,-0.0130781675722,-0.187522708455,0
0.193166591509,-0.0505231330981,-0.0168286217413,0.101006047178,0
0.192156128847,-0.245399912431,-0.0148085007978,0.388332443693,1
0.187248130598,-0.0500709292596,-0.00704185192392,0.0910175537527,1
0.186246712013,0.145151243844,-0.00522150084887,-0.203878732828,0
0.18914973689,-0.0498956474162,-0.00929907550542,0.0871525014688,0
0.188151823942,-0.244883079176,-0.00755602547605,0.37688711457,1
0.183254162358,-0.0496546302839,-1.82831846409e-05,0.0818313505503,1
0.182261069752,0.145467583019,0.00161834382637,-0.210857344611,0
0.185170421413,-0.0496774699839,-0.00259880306586,0.0823356444512,1
0.184176872013,0.145481638076,-0.00095209017684,-0.211166076334,0
0.187086504775,-0.0496266872639,-0.00517541170352,0.0812163645598,0
0.186093971029,-0.244674067872,-0.00355108441232,0.372261952991,1
0.181200489672,-0.0495018495195,0.00389415464749,0.0784614547079,1
0.180210452682,0.145564061334,0.00546338374165,-0.212990314453,0
0.183121733908,-0.0496355731253,0.00120357745258,0.0814109942545,1
0.182129022446,0.145469104151,0.00283179733767,-0.210891958003,0
0.185038404529,-0.0496932215822,-0.00138604182239,0.082682904136,1
0.184044540097,0.145448570805,0.000267616260328,-0.210436999442,0
0.186953511513,-0.0496772058391,-0.00394112372852,0.0823303342216,1
0.185959967396,0.145501018391,-0.00229451704409,-0.211593415806,0
0.188869987764,-0.0495880512812,-0.00652638536021,0.0803648309545,0
0.187878226739,-0.244615840547,-0.00491908874112,0.370981540983,1
0.182985909928,-0.0494243496122,0.00250054207853,0.0767516406664,1
0.181997422935,0.14566166544,0.00403557489186,-0.215141308446,0
0.184910656244,-0.0495177463831,-0.000267251277054,0.0788118810914,1
0.183920301317,0.145608034971,0.00130898634477,-0.213955352363,0
0.186832462016,-0.049532606081,-0.00297012070248,0.0791402003196,1
0.185841809894,0.145631796642,-0.00138731669609,-0.214478326719,0
0.188754445827,-0.0494702932374,-0.00567688323046,0.0777666554948,0
0.187765039962,-0.244510404973,-0.00412155012056,0.368653114237,1
0.182874831863,-0.0493301344398,0.00325151216418,0.0746734627999,1
0.181888229174,0.145745052448,0.00474498142018,-0.216981827841,0
0.184803130223,-0.0494444082204,0.000405344863361,0.0771940864741,1
0.183814242059,0.145671729772,0.00194922659284,-0.215360925084,0
0.186727676654,-0.0494780336842,-0.00235799190884,0.0779362362543,1
0.185738115981,0.145677641095,-0.000799267183754,-0.215489711076,0
0.188651668802,-0.0494328745578,-0.00510906140527,0.0769409843947,0
0.187663011311,-0.244481212615,-0.00357024171737,0.368007615532,1
0.182773387059,-0.0493087130949,0.00378991059327,0.074201083258,1
0.181787212797,0.145758701127,0.00527393225843,-0.217283705654,0
0.18470238682,-0.049438244416,0.000928258145359,0.0770581696078,1
0.183713621931,0.145670387307,0.00246942153751,-0.215331744033,0
0.186627029677,-0.0494867800997,-0.00183721334315,0.0781291237143,1
0.185637294075,0.14566146025,-0.000274630868858,-0.215132883209,0
0.18855052328,-0.0494565636846,-0.00457728853304,0.0774634001815,0
0.187561392007,-0.244512598574,-0.00302802052941,0.368698669344,1
0.182671140035,-0.0493477538945,0.00434595285748,0.0750625077347,1
0.181684184957,0.145711625105,0.00584720301217,-0.216246091542,0
0.184598417459,-0.0494934265551,0.00152228118134,0.0782755483391,1
0.183608548928,0.145606668976,0.00308779214812,-0.213926705379,0
0.186520682308,-0.049559291399,-0.00119074195946,0.0797286490329,1
0.18552949648,0.145579709157,0.000403831021199,-0.213329722344,0
0.188441090663,-0.0495480133313,-0.00386276342568,0.0794805638396,1
0.187450130396,0.145629098122,-0.00227315214889,-0.214418568797,0
0.190362712359,-0.0494602810798,-0.00656152352482,0.077546437798,0
0.189373506737,-0.244487557267,-0.00501059476886,0.368151980559,1
0.184483755592,-0.0492947691093,0.00235244484232,0.0738933650081,1
0.18349786021,0.145793378268,0.00383031214248,-0.2180464282,0
0.186413727775,-0.0493831175054,-0.000530616421522,0.0758422768611,1
0.185426065425,0.145746436531,0.0009862291157,-0.21700801421,0
0.188340994156,-0.0493895994492,-0.00335393116849,0.0759858487248,0
0.187353202167,-0.244463309079,-0.001834214194,0.367608713489,1
0.182463935985,-0.0493153424654,0.00551796007579,0.0743479973066,1
0.181477629136,0.145727069966,0.00700492002192,-0.21658889535,0
0.184392170535,-0.0494943172703,0.00267314211492,0.0782954307026,1
0.18340228419,0.145589211349,0.00423905072898,-0.213542913876,0
0.186314068417,-0.0495930881124,-3.18075485523e-05,0.0804741819976,1
0.185322206654,0.145529319059,0.0015776760914,-0.21221878003,0
0.188232793036,-0.049615153446,-0.0026666995092,0.0809614010103,1
0.187240489967,0.145544923363,-0.001047471489,-0.212561682052,0
0.190151388434,-0.0495620361023,-0.00529870513003,0.0797906400325,0
0.189160147712,-0.244607629779,-0.00370289232938,0.370797111424,1
0.184267995116,-0.049433266657,0.0037130498991,0.0769489259678,1
0.183279329783,0.14563525915,0.00525202841846,-0.214560211564,0
0.186192034966,-0.0495613826058,0.000960824187168,0.0797748021363,1
0.185200807314,0.145546781783,0.00255632022989,-0.212604827089,0
0.18811174295,-0.0496116246046,-0.00169577631189,0.0808833833351,1
0.187119510458,0.145534594597,-7.81086451883e-05,-0.212334082584,0
0.19003020235,-0.0495862397784,-0.00432479029688,0.0803242041448,1
0.189038477554,0.145597440146,-0.00271830621398,-0.21372006212,0
0.191950426357,-0.0494855424347,-0.00699270745638,0.0781041495796,0
0.190960715508,-0.244506555128,-0.00543062446479,0.368572677313,1
0.186070584406,-0.0493078632886,0.00194082908148,0.0741823613527,1
0.18508442714,0.14578621032,0.00342447630853,-0.217887594505,0
0.188000151346,-0.0493845264356,-0.000933275581569,0.0758735881153,1
0.187012460818,0.145750791636,0.000584196180736,-0.2171036445,0
0.18992747665,-0.0493795060733,-0.00375787670927,0.0757635057843,0
0.188939886529,-0.244447383832,-0.00224260659358,0.367258443265,1
0.184050938852,-0.0492936373783,0.00510256227171,0.0738692339103,1
0.183065066105,0.145754792485,0.00657994694992,-0.217199455363,0
0.185980161954,-0.0494606008106,0.00223595784266,0.0775517860564,1
0.184990949938,0.145629225361,0.00378699356379,-0.214424850628,0
0.187903534445,-0.0495466616882,-0.000501503448769,0.0794502540844,1
0.186912601212,0.145582475144,0.00108750163292,-0.213390856365,0
0.189824250714,-0.0495550072293,-0.00318031549437,0.0796349195265,1
0.18883315057,0.145612389946,-0.00158761710384,-0.214049706914,0
0.191745398369,-0.0494868275439,-0.00586861124213,0.0781319912726,0
0.190755661818,-0.244524159677,-0.00430597141668,0.368957589784,1
0.185865178624,-0.0493412919617,0.00307318037899,0.0749200507433,1
0.184878352785,0.145736467651,0.00457158139386,-0.216791693268,0
0.187793082138,-0.0494505377233,0.000235747528499,0.077329795585,1
0.186804071384,0.145668033114,0.0017823434402,-0.215278742765,0
0.189717432046,-0.0494793535161,-0.00252323141509,0.0779658809236,1
0.188727844976,0.145678678502,-0.000963913796621,-0.215512064469,0
-0.00853424035911,0.0388696581121,-0.00462450142598,-0.0143118024663,0
-0.00775684719687,-0.156185667633,-0.00491073747531,0.276908458992,0
-0.0108805605495,-0.351237216011,0.000627431704521,0.56803850275,0
-0.0179053048697,-0.546367962382,0.0119882017595,0.860919029603,1
-0.0288326641174,-0.351411304581,0.0292065823516,0.572029503481,1
-0.035860890209,-0.156710806895,0.0406471724212,0.288688825793,0
-0.0389951063469,-0.352388109302,0.0464209489371,0.593909318611,1
-0.0460428685329,-0.157945614433,0.0582991353093,0.316202631547,1
-0.0492017808216,0.0362995661552,0.0646231879402,0.0424601075064,0
-0.0484757894985,-0.159686679764,0.0654723900904,0.354811834135,1
-0.0516695230938,0.0344462142327,0.0725686267731,0.083471536179,1
-0.0509805988091,0.228456940567,0.0742380574966,-0.185462158967,0
-0.0464114599978,0.0323556390713,0.0705288143173,0.129685533454,1
-0.0457643472164,0.22640010099,0.0731225249864,-0.139939246055,1
-0.0412363451966,0.42040273233,0.0703237400653,-0.408686685127,0
-0.03282829055,0.224357831548,0.0621500063627,-0.0946880363287,1
-0.028341133919,0.418536487188,0.0602562456362,-0.367133330486,1
-0.0199704041753,0.612752749854,0.0529135790264,-0.640224393999,0
-0.00771534917817,0.416934585105,0.0401090911465,-0.331358912692,1
0.000623342523921,0.611463339134,0.0334819128926,-0.611128454353,0
0.0128526093066,0.415889800913,0.0212593438056,-0.308090722457,1
0.0211704053249,0.610702480929,0.0150975293564,-0.593993933078,0
0.0333844549434,0.415372496172,0.00321765069488,-0.29659384226,0
0.0416919048669,0.220204823447,-0.00271422615032,-0.00289786096848,1
0.0460960013358,0.415365595227,-0.00277218336969,-0.296435921832,0
0.0544033132404,0.220283273007,-0.00870090180633,-0.00462858377273,1
0.0588089787005,0.415528919887,-0.00879347348179,-0.300044001113,0
0.0671195570982,0.220533404363,-0.014794353504,-0.0101472841862,1
0.0715302251855,0.415864367803,-0.0149972991878,-0.307461046707,0
0.0798475125416,0.22095929186,-0.0211465201219,-0.0195453512429,1
0.0842666983788,0.416378023665,-0.0215374271468,-0.31882452514,0
0.0925942588521,0.221569330448,-0.0279139176496,-0.0330107698421,0
0.097025645461,0.0268585663567,-0.0285741330464,0.250735970568,1
0.0975628167882,0.222376659512,-0.023559413635,-0.0508211016735,1
0.102010349978,0.417828366395,-0.0245758356685,-0.350843129125,0
0.110366917306,0.223064381225,-0.031592698251,-0.0660099392777,0
0.114828204931,0.0284092910745,-0.0329128970366,0.216540286077,1
0.115396390752,0.223985918872,-0.028582091315,-0.0863404197047,0
0.11987610913,0.0292850808447,-0.0303088997091,0.197189561117,1
0.120461810747,0.224827150599,-0.0263651084868,-0.104898283094,0
0.124958353759,0.0300927577725,-0.0284630741487,0.179351345443,1
0.125560208914,0.225610210625,-0.0248760472398,-0.122173057448,0
0.130072413127,0.0308533255984,-0.0273195083888,0.162559081874,1
0.130689479639,0.226355505405,-0.0240683267513,-0.138615695432,0
0.135216589747,0.0315863988103,-0.0268406406599,0.146377943616,1
0.135848317723,0.227082235413,-0.0239130817876,-0.154650389196,0
0.140389962431,0.0323106921395,-0.0270060895715,0.130393620715,1
0.141036176274,0.227808883671,-0.0243982171572,-0.170685561474,0
0.145592353947,0.0330444879295,-0.0278119283867,0.114201718752,1
0.146253243706,0.228553680882,-0.0255278940117,-0.187124310592,0
0.150824317324,0.0338060902246,-0.0292703802235,0.0973975109895,0
0.151500439128,-0.160884389944,-0.0273224300037,0.38070387558,1
0.148282751329,0.0346146709006,-0.0197083524921,0.0795329397426,0
0.148975044747,-0.160219291861,-0.0181176936973,0.36593324725,1
0.14577065891,0.0351553778922,-0.0107990287523,0.0675930296848,1
0.146473766468,0.230430476575,-0.00944716815858,-0.228477391657,0
0.151082375999,0.0354447956856,-0.0140167159917,0.0612106519444,1
0.151791271913,0.230764881877,-0.0127925029528,-0.23586147672,0
0.156406569551,0.0358280136728,-0.0175097324872,0.0527590068323,0
0.157123129824,-0.159038550143,-0.0164545523506,0.339866447182,1
0.153942358821,0.0363136168321,-0.00965722340696,0.0420404447654,1
0.154668631158,0.23157270909,-0.00881641451165,-0.253673715592,0
0.15930008534,0.0365777471147,-0.0138898888235,0.03621536756,0
0.160031640282,-0.158342294703,-0.0131655814723,0.324483730435,1
0.156864794388,0.0369646191439,-0.00667590686359,0.027678179945,1
0.157604086771,0.232181668199,-0.00612234326469,-0.267103570416,0
0.162247720135,0.0371476269159,-0.011464414673,0.0236420509932,0
0.162990672673,-0.157808053664,-0.0109915736531,0.312685890314,1
0.1598345116,0.0374687454731,-0.00473785584686,0.0165569280743,0
0.160583886509,-0.157584939874,-0.00440671728538,0.307741247875,1
0.157432187712,0.0375995248071,0.00174810767212,0.0136718228985,1
0.158184178208,0.23269636235,0.00202154413009,-0.278459042878,0
0.162838105455,0.0375456305893,-0.00354763672748,0.0148607901999,1
0.163589018067,0.232718279185,-0.00325042092348,-0.278939343413,0
0.16824338365,0.0376428474982,-0.00882920779174,0.0127166362857,0
0.1689962406,-0.157351375713,-0.00857487506603,0.302600817243,1
0.165849213086,0.0378917293101,-0.00252285872117,0.00722594421475,1
0.166607047672,0.233049770845,-0.00237833983687,-0.286251906157,0
0.171268043089,0.0379618189874,-0.00810337796001,0.00567996274101,0
0.172027279469,-0.15704298635,-0.00798977870519,0.295795200048,1
0.168886419742,0.0381919511891,-0.00207387470423,0.000603171088372,1
0.169650258766,0.233343583306,-0.00206181128246,-0.292733366309,0
0.174317130432,0.0382510897048,-0.00791647860864,-0.000701420007974,0
0.175082152226,-0.156756438155,-0.0079305070088,0.289473285495,1
0.171947023463,0.0384776966184,-0.0021410412989,-0.00570025219747,1
0.172716577395,0.233630287884,-0.00225504634285,-0.299057933814,0
0.177389183153,0.038540553048,-0.00823620501913,-0.00708705868022,0
0.178159994214,-0.156462316801,-0.00837794619273,0.282985908224,1
0.175030747878,0.0387781235596,-0.00271822802825,-0.0123275618005,0
0.175806310349,-0.156304739418,-0.00296477926426,0.279496493544,1
0.172680215561,0.0388593793496,0.00262515060662,-0.0141200418273,1
0.173457403148,0.23394358438,0.00234274977007,-0.305973547677,0
0.178136274835,0.0387883271751,-0.00377672118348,-0.0125526973957,0
0.178912041379,-0.156279257844,-0.00402777513139,0.27893623997,1
0.175786456222,0.0388999195163,0.001550949668,-0.0150143139713,1
0.176564454612,0.233999593886,0.00125066338858,-0.30720749453,0
0.18124444649,0.0388598438296,-0.00489348650202,-0.0141304034275,0
0.182021643366,-0.156191587947,-0.00517609457056,0.277004561898,1
0.178897811608,0.0390038245816,0.000363996667388,-0.0173063996625,1
0.179677888099,0.234120553771,1.78686741386e-05,-0.309874459041,0
0.184360299175,0.0389983479675,-0.00617962050667,-0.0171858969912,0
0.185140266134,-0.156034437529,-0.0065233384465,0.273540898515,1
0.182019577383,0.0391799812267,-0.00105252047621,-0.0211923471851,1
0.182803177008,0.23431701084,-0.00147636741991,-0.314207170439,0
0.187489517225,0.0392161217745,-0.00776051082868,-0.0219902076441,0
0.18827383966,-0.155793681151,-0.00820031498157,0.26823412108,1
0.185157966037,0.0394443330781,-0.00283563255996,-0.027023919294,0
0.185946852699,-0.155636838483,-0.00337611094584,0.264762986735,1
0.182834115929,0.0395331370765,0.00191914878886,-0.0289828829097,1
0.183624778671,0.234627513957,0.00133949113066,-0.321059679914,0
0.18831732895,0.0394865128226,-0.00508170246762,-0.0279546305348,0
0.189107059206,-0.155562195927,-0.00564079507831,0.263120640843,1
0.185995815288,0.0396398153716,-0.000378382261457,-0.0313361027892,1
0.186788611595,0.234767190739,-0.00100510431724,-0.32413838927,0
0.19148395541,0.0396595655728,-0.00748787210264,-0.0317725999684,0
0.192277146721,-0.155354209952,-0.00812332410201,0.258538448973,1
0.189170062522,0.0398827641017,-0.00295255512255,-0.0366955806497,0
0.189967717804,-0.155196722846,-0.00368646673555,0.255054324362,1
0.186863783347,0.0399776691781,0.00141461975169,-0.0387890931215,1
0.187663336731,0.235079306216,0.000638837889263,-0.331025357789,0
0.192364922855,0.0399482672508,-0.00598166926652,-0.0381410407417,0
0.1931638882,-0.155087398002,-0.00674449008136,0.252648623039,1
0.19006214024,0.0401302063836,-0.00169151762057,-0.0421539885492,0
0.190864744368,-0.154967448131,-0.00253459739155,0.249994768615,1
0.187765395405,0.0401906064901,0.00246529798075,-0.0434865438543,1
0.188569207535,0.235277119664,0.00159556710366,-0.335390627486,0
0.193274749928,0.0401324971702,-0.00511224544606,-0.0422049698205,0
0.194077399872,-0.154915774138,-0.00595634484247,0.248860620338,1
0.190979084389,0.0402907311347,-0.000979132435703,-0.0456950984568,0
0.191784899012,-0.15481716621,-0.00189303440484,0.246678742382,1
0.188688555688,0.0403317702757,0.00304054044281,-0.0466006896298,1
0.189495191093,0.235409990445,0.00210852665021,-0.338322749765,0
0.194203390902,0.040258098902,-0.00465792834509,-0.0449756567915,0
0.19500855288,-0.154796751313,-0.00555744148092,0.246234018579,1
0.191912617854,0.0404041302469,-0.00063276110933,-0.0481966615499,0
0.192720700459,-0.154708741973,-0.00159669434033,0.244286556435,1
0.189626525619,0.0404359787783,0.00328903678837,-0.0488995794966,1
0.190435245195,0.235510614,0.00231104519844,-0.340542974556,0
0.195145457475,0.0403558568688,-0.00449981429267,-0.0471321739051,0
0.195952574612,-0.15470128206,-0.00544245777077,0.24412763137,1
0.192858548971,0.0404979809191,-0.000559905143366,-0.0502670013926,0
0.193668508589,-0.154615937348,-0.00156524517122,0.242239218029,1
0.190576189842,0.0405283371505,0.00327953918935,-0.0509370170345,1
0.191386756585,0.235603110098,0.00226079884866,-0.342583420087,0
0.196098818787,0.0404490676743,-0.00459086955308,-0.0491884302607,0
0.196907800141,-0.154606754716,-0.00557463815829,0.242042509162,1
0.193815665047,0.0405943808335,-0.000733787975044,-0.0523935796634,0
0.194627552663,-0.154517041074,-0.00178165956831,0.240057740761,1
0.191537211842,0.0406303162016,0.0030194952469,-0.0531866381957,0
0.192349818166,-0.154534800203,0.00195576248299,0.240447432124,1
0.189259122162,0.0405591583036,0.00676471112548,-0.0516179521557,1
0.190070305328,0.235583461203,0.00573235208236,-0.342158903201,0
0.194781974552,0.0403804255336,-0.00111082598165,-0.04767385816,0
0.195589583062,-0.154725579676,-0.00206430314485,0.244658386322,1
0.192495071469,0.0404257951873,0.0028288645816,-0.0486749569609,1
0.193303587373,0.235507068875,0.00185536544238,-0.340464011566,0
0.19801372875,0.0403587680358,-0.00495391478894,-0.0471965870108,0
0.198820904111,-0.154691798474,-0.00589784652916,0.243919227679,1
0.195727068141,0.0405138953584,-0.00101946197558,-0.0506181772986,0
0.196537346049,-0.154593423006,-0.00203182552155,0.241742926397,1
0.193445477588,0.0405574926924,0.00280303300639,-0.0515801992094,1
0.194256627442,0.23563913965,0.0017714290222,-0.343377429456,0
0.198969410235,0.0404920321778,-0.00509611956691,-0.0501364276597,0
0.199779250879,-0.154556476349,-0.00609884812011,0.240934283351,1
0.196688121352,0.0406520624278,-0.00128016245309,-0.0536661293383,0
0.1975011626,-0.15445150961,-0.00235348503986,0.238612621256,1
0.194412132408,0.0407039840811,0.00241876738527,-0.0548117325354,0
0.19522621209,-0.154452565035,0.00132253273456,0.238633351744,1
0.192137160789,0.040650467658,0.00609519976944,-0.0536321168449,1
0.192950170142,0.235684493889,0.00502255743254,-0.344385744222,0
0.19766386002,0.0404914544951,-0.0018651574519,-0.050123252414,0
0.19847368911,-0.15460370261,-0.00286762250018,0.241970618246,1
0.195381615058,0.0405590930545,0.00197178986474,-0.0516154514553,1
0.196192796919,0.235652715619,0.000939480835633,-0.343675610571,0
0.200905851231,0.0405174117381,-0.00593403137579,-0.0506965765981,0
0.201716199466,-0.154518951151,-0.00694796290776,0.240108221943,1
0.198625820443,0.0407015604686,-0.00214579846889,-0.0547581620909,0
0.199439851652,-0.154389557504,-0.00324096171071,0.237246976887,1
0.196352060502,0.0407785455518,0.00150397782703,-0.0564564812632,0
0.197167631413,-0.154364937904,0.000374848201766,0.236700582181,1
0.194080332655,0.0407516559281,0.00510885984538,-0.0558640826358,1
0.194895365774,0.235799982953,0.00399157819267,-0.346930756784,0
0.199611365433,0.0406214835191,-0.00294703694301,-0.0529918190476,0
0.200423795103,-0.154458087226,-0.00400687332396,0.23875983876,1
0.197334633359,0.0407208756738,0.00076832345124,-0.0551842729939,0
0.198149050872,-0.154412083713,-0.000335362008638,0.237740966765,1
0.195060809198,0.0407146569901,0.00441945732666,-0.0550477242587,1
0.195875102338,0.235772961851,0.00331850284149,-0.346333007979,0
0.200590561575,0.0406039643919,-0.00360815731808,-0.0526054857127,0
0.201402640863,-0.15446606494,-0.00466026703234,0.238936857654,1
0.198313319564,0.0407221506157,0.00011847012075,-0.0552123998969,0
0.199127762576,-0.154401499086,-0.000985777877188,0.237507902817,1
0.196039732594,0.0407345214953,0.00376438017915,-0.0554858044851,1
0.196854423024,0.235802295552,0.00265466408945,-0.346978667249,0
0.201570468935,0.0406426851879,-0.00428490925553,-0.0534598128797,0
0.202383322639,-0.15441756481,-0.00535410551312,0.23786811661,1
0.199294971343,0.0407804656658,-0.000596743180915,-0.0564988318885,0
0.200110580656,-0.15433292416,-0.00172671981869,0.235995758255,1
0.197023922173,0.0408136543036,0.00299319534641,-0.0572313284337,1
0.197840195259,0.235892560659,0.00184856877774,-0.348968379034,0
0.0460611924913,-0.0320097481107,-0.00945068411114,-0.0479483647079,0
0.0454209975291,-0.226994917713,-0.0104096514053,0.241737868637,0
0.0408810991748,-0.421966637702,-0.00557489403256,0.531119221046,0
0.0324417664208,-0.61700972914,0.00504749038836,0.822040301486,0
0.020101571838,-0.812200376023,0.0214882964181,1.11630649801,1
0.00385756431756,-0.61736696295,0.0438144263784,0.830440921573,1
-0.00848977494145,-0.422870404122,0.0604232448098,0.551853390721,1
-0.0169471830239,-0.228646783894,0.0714603126242,0.278803253214,0
-0.0215201187018,-0.424711545201,0.0770363776885,0.593141255443,1
-0.0300143496058,-0.230747687223,0.0888992027974,0.325684665394,1
-0.0346293033502,-0.0369965327518,0.0954128961052,0.0623075519747,1
-0.0353692340053,0.15663711628,0.0966590471447,-0.198812999478,0
-0.0322364916797,-0.0397249054508,0.0926827871552,0.122728679987,1
-0.0330309897887,0.153955409543,0.0951373607549,-0.139335141046,1
-0.0299518815978,0.34759511245,0.092350657934,-0.400552985529,0
-0.0229999793488,0.151292824361,0.0843395982234,-0.0802417892705,1
-0.0199741228616,0.345110840562,0.082734762438,-0.345168975117,1
-0.0130719060504,0.538964395662,0.0758313829357,-0.610658393849,0
-0.00229261813715,0.34286898872,0.0636182150587,-0.295087532564,1
0.00456476163725,0.53702900086,0.0577164644074,-0.567047243736,0
0.0153053416545,0.341146936103,0.0463755195327,-0.256754179938,1
0.0221282803765,0.535577154202,0.0412404359339,-0.534456428078,0
0.0328398234606,0.339900252229,0.0305513073724,-0.229069389753,1
0.0396378285051,0.534572598091,0.0259699195773,-0.511960954197,0
0.050329280467,0.339094652191,0.0157307004934,-0.211208609772,1
0.0571111735108,0.533988195408,0.0115065282979,-0.498888119608,0
0.0677909374189,0.338705924015,0.00152876590577,-0.202601259193,1
0.0745650558992,0.533805978386,-0.00252325927809,-0.494801541768,0
0.0852411754669,0.33871970243,-0.0124192901135,-0.202914896835,0
0.0920155695155,0.143777544776,-0.0164775880502,0.0858246117729,1
0.0948911204111,0.339131766861,-0.0147610958147,-0.212011133324,0
0.101673755748,0.144223940544,-0.0190013184812,0.0759791508154,1
0.104558234559,0.339613064652,-0.0174817354649,-0.222637679471,0
0.111350495852,0.144745287824,-0.0219344890543,0.064479953154,1
0.114245401609,0.34017474306,-0.0206448899912,-0.235041936187,0
0.12104889647,0.145353747895,-0.0253457287149,0.0510581160529,1
0.123955971428,0.3408297874,-0.0243245663939,-0.249512613454,0
0.130772567176,0.146063501734,-0.029314818663,0.0353996718478,1
0.13369383721,0.341593302328,-0.028606825226,-0.266386337742,0
0.140525703257,0.146891066304,-0.0339345519808,0.0171382638935,0
0.143463524583,-0.0477282047019,-0.033591786703,0.298924257011,1
0.142508960489,0.147856069086,-0.0276133015628,-0.00416077310877,0
0.145466081871,-0.0468592078744,-0.0276965170249,0.279683518417,1
0.144528897713,0.148646664687,-0.0221028466566,-0.0216045536258,0
0.147501831007,-0.0461514504379,-0.0225349377291,0.264023539747,1
0.146578801998,0.149284782179,-0.0172544669342,-0.035681087969,1
0.149564497642,0.344649861725,-0.0179680886935,-0.333757647367,0
0.156457494876,0.149788193901,-0.0246432416409,-0.0467946618323,0
0.159453258754,-0.0449718803095,-0.0255791348775,0.238012367431,1
0.158553821148,0.150505983117,-0.0208188875289,-0.0626279538213,0
0.161563940811,-0.0443113831489,-0.0220714466053,0.223414457875,1
0.160677713148,0.151118962417,-0.0176031574478,-0.0761481390991,0
0.163700092396,-0.0437462676703,-0.0191261202298,0.210929358854,1
0.162825167042,0.151643853809,-0.0149075330527,-0.0877249550025,0
0.165858044119,-0.0432612760357,-0.0166620321528,0.200217601993,1
0.164992818598,0.152094969193,-0.0126576801129,-0.0976745009975,0
0.168034717982,-0.0428433043937,-0.0146111701329,0.190988226812,1
0.167177851894,0.152484591629,-0.0107914055966,-0.106267874083,0
0.170227543726,-0.0424810646994,-0.0129167630783,0.182990970446,1
0.169377922433,0.152823305091,-0.00925694366937,-0.113738568486,0
0.172434388534,-0.0421647898683,-0.0115317150391,0.176009539928,1
0.171591092737,0.153120279742,-0.00801152424052,-0.120288836961,0
0.174653498332,-0.0418859766926,-0.0104173009797,0.169855797523,1
0.173815778798,0.153383519365,-0.00702018502928,-0.126095184793,0
0.176883449185,-0.0416371610863,-0.00954208872514,0.164364710064,1
0.176050705964,0.153620077024,-0.00625479452386,-0.131313144874,0
0.179123107504,-0.0414117205547,-0.00888105742134,0.159389931321,1
0.178294873093,0.153836244422,-0.00569325879491,-0.136081462907,0
0.181371597981,-0.0412036991851,-0.00841488805305,0.154799902072,1
0.180547523998,0.154037719851,-0.00531889001161,-0.140525805601,0
0.183628278395,-0.0410076508642,-0.00812940612362,0.150474365731,1
0.182808125377,0.154229759141,-0.00511991880901,-0.144762091379,0
0.18589272056,-0.0408184967972,-0.00801516063659,0.1463012083,1
0.185076350624,0.154417313538,-0.00508913647059,-0.148899532378,0
0.188164696895,-0.0406313937286,-0.00806712711814,0.142173540146,1
0.18735206902,0.15460515813,-0.00522365631522,-0.153043468059,0
0.190444172183,-0.0404416095194,-0.00828452567639,0.137986943831,1
0.189635339993,0.154798014132,-0.00552478679976,-0.157298064427,0
0.192731300275,-0.0402444029297,-0.00867074808831,0.133636817122,1
0.191926412217,0.155000668165,-0.00599801174587,-0.161768948417,0
0.19502642558,-0.0400349045797,-0.00923339071422,0.129015743365,1
0.194225727488,0.155218091515,-0.00665307584692,-0.166565844369,0
0.197330089319,-0.0398079961185,-0.0099843927343,0.124010822845,1
0.196533929396,0.155455562335,-0.0075041762774,-0.17180527856,0
0.199643040643,-0.0395581846252,-0.0109402818486,0.118500898492,1
0.198851876951,0.155718793722,-0.00857026387875,-0.177613418413,0
0.201966252825,-0.0392794691914,-0.012122532247,0.112353607405,1
0.201180663441,0.156014070696,-0.00987546009892,-0.184129115242,0
0.204300944855,-0.0389651965051,-0.0135580424038,0.105422186126,1
0.203521640925,0.156348399192,-0.0114495986812,-0.191507223196,0
0.206648608909,-0.0386079020639,-0.0152797431452,0.0975419523316,1
0.205876450868,0.156729670367,-0.0133289040985,-0.199922272488,0
0.209011044275,-0.0381991334097,-0.0173273495483,0.0885263785459,0
0.208247061607,-0.233068486719,-0.0155568219774,0.375692543501,1
0.203585691872,-0.0377290648936,-0.00804297110736,0.0781453451286,1
0.202831110574,0.157507257304,-0.00648006420479,-0.217064273942,0
0.205981255721,-0.0375214615618,-0.0108213496836,0.0735675367131,1
0.205230826489,0.157753941261,-0.00934999894936,-0.222509832105,0
0.208385905314,-0.0372331294822,-0.0138001955915,0.0672091297739,0
0.207641242725,-0.23215453558,-0.012456012996,0.355506269224,1
0.202998152013,-0.0368577182085,-0.0053458876115,0.0589217953054,1
0.202260997649,0.158340473118,-0.00416745170539,-0.23544299131,0
0.205427807111,-0.0367216889341,-0.00887631153159,0.0559224836877,1
0.204693373333,0.158526402231,-0.00775786185784,-0.239547716919,0
0.207863901377,-0.0364838699121,-0.0125488161962,0.0506781003955,0
0.207134223979,-0.231423657022,-0.0115352541883,0.339375502945,1
0.202505750839,-0.0361394854506,-0.00474774412943,0.0430774445401,0
0.20178296113,-0.231193034981,-0.00388619523862,0.334258639775,1
0.19715910043,-0.0360159898865,0.00279897755687,0.0403527443536,1
0.196438780632,0.159065712727,0.00360603244395,-0.251445764997,0
0.199620094887,-0.0361075456955,-0.00142288285599,0.0423723904321,1
0.198897943973,0.159034780318,-0.00057543504735,-0.250759129693,0
0.202078639579,-0.0360789488962,-0.00559061764122,0.041742237778,0
0.201357060601,-0.231120287606,-0.00475577288566,0.332656040817,1
0.196734654849,-0.0359309691305,0.00189734793067,0.0384771821417,1
0.196016035467,0.159163722759,0.0026668915735,-0.253606508991,0
0.199199309922,-0.0359962065026,-0.00240523860631,0.0399164090672,0
0.198479385792,-0.231083584371,-0.00160691042497,0.331839489941,1
0.193857714104,-0.0359387972476,0.00502987937386,0.0386502557158,1
0.193138938159,0.159110665616,0.00580288448818,-0.25244145927,0
0.196321151472,-0.0360936638525,0.000754055302785,0.042066143507,1
0.195599278195,0.159017466299,0.00159537817293,-0.250378776277,0
0.198779627521,-0.0361272310225,-0.00341219735261,0.0428069381726,0
0.1980570829,-0.23120008663,-0.00255605858916,0.334411334072,1
0.193433081168,-0.0360418501201,0.00413216809229,0.0409234551904,1
0.192712244165,0.159020603483,0.0049506371961,-0.250452873265,0
0.195892656235,-0.0361716929564,-5.84202691947e-05,0.043787464844,1
0.195169222376,0.158951095937,0.000817329027686,-0.248913893556,0
0.198348244294,-0.0361825180282,-0.00416094884344,0.0440267243336,0
0.197624593934,-0.231244556598,-0.00328041435676,0.335393933858,1
0.192999702802,-0.0360760734587,0.0034274643204,0.0416783442295,1
0.192278181333,0.158996561421,0.00426103120499,-0.249921216842,0
0.195458112561,-0.0361859795254,-0.000737393131841,0.0441026761089,0
0.194734392971,-0.231297349089,0.000144660390337,0.336552857324,1
0.190108445989,-0.0361774568238,0.00687571753682,0.0439155521437,1
0.189384896852,0.15884522798,0.00775402857969,-0.246590115217,0
0.192561801412,-0.0363866040235,0.00282222627536,0.048528490662,1
0.191834069332,0.158694765347,0.0037927960886,-0.243262664609,0
0.195007964639,-0.036481155189,-0.00107245720358,0.0506141898254,1
0.194278341535,0.158656157522,-6.01734070735e-05,-0.242406913268,0
0.197451464685,-0.0364649341211,-0.00490831167243,0.0502570326846,0
0.196722166003,-0.231516162361,-0.00390317101874,0.341387312903,1
0.192091842756,-0.0363388958963,0.00292457523933,0.0474761139442,1
0.191365064838,0.158740997216,0.00387409751821,-0.244282650422,0
0.194539884782,-0.0364360737904,-0.00101155549022,0.0496197409067,1
0.193811163306,0.158700367565,-1.91606720902e-05,-0.243382168636,0
0.196985170657,-0.0364213099642,-0.00488680404481,0.0492947143669,0
0.196256744458,-0.231472849137,-0.00390090975747,0.340431814964,1
0.191627287475,-0.0362956121121,0.00290772654181,0.0465213223872,1
0.190901375233,0.158784523742,0.00383815298955,-0.245242773963,0
0.194077065708,-0.0363920360747,-0.00106670248971,0.0486483235528,1
0.193349224987,0.158745194498,-9.37360186559e-05,-0.244370966251,0
0.196524128876,-0.0363754177452,-0.00498115534368,0.048282392439,0
0.195796620522,-0.231425590306,-0.0040155074949,0.339389567998,1
0.191168108715,-0.036246732973,0.00277228386506,0.0454430863057,1
0.190443174056,0.158835355722,0.00368114559117,-0.24636387184,0
0.19361988117,-0.0363389765381,-0.00124613184562,0.0474778973317,0
0.19289310164,-0.231443036994,-0.000296573898983,0.339767398123,1
0.1882642409,-0.0363168671289,0.00649877406348,0.0469909634723,1
0.187537903557,0.158711296098,0.00743859333293,-0.24363447764,0
0.190712129479,-0.0365161103265,0.00256590378012,0.0513854564654,1
0.189981807273,0.158568954868,0.00359361290943,-0.240486803133,0
0.19315318637,-0.0366041463885,-0.00121612315324,0.0533274783177,1
0.192421103442,0.158535221308,-0.000149573586881,-0.239738896894,0
0.195591807868,-0.0365845928748,-0.00494435152477,0.0528968464718,0
0.194860116011,-0.231635300611,-0.00388641459533,0.344015698412,1
0.190227409999,-0.0364582775118,0.0029938993729,0.0501097717421,1
0.189498244448,0.158620616456,0.00399609480774,-0.241627052677,0
0.192670656778,-0.0365581883305,-0.000836446245805,0.0523136656776,1
0.191939493011,0.158575746524,0.000209827067746,-0.240633049379,0
0.195111007941,-0.0365492014407,-0.00460283391982,0.0521160552826,0
0.194380023913,-0.231604852042,-0.00356051281417,0.343343203447,1
0.189747926872,-0.0364324288227,0.00330635125476,0.0495396357482,1
0.189019278295,0.158641956704,0.00429714396973,-0.242098277637,0
0.192192117429,-0.0365411116552,-0.000544821583003,0.0519369782384,1
0.191461295196,0.15858864743,0.000493917981766,-0.240917794486,0
0.194633068145,-0.0365403558437,-0.00432443790796,0.0519208866028,0
0.193902261028,-0.231600033534,-0.0032860201759,0.343236286536,1
0.189270260357,-0.0364314882029,0.00357870555483,0.0495189609075,1
0.188541630593,0.15863896534,0.00456908477298,-0.242032708502,0
0.1917144099,-0.0365479530463,-0.000271569397063,0.0520879192125,1
0.190983450839,0.158577891104,0.000770188987187,-0.240680677621,0
0.194155008661,-0.0365550537523,-0.00404342456524,0.0522450883891,0
0.193423907586,-0.231618794395,-0.00299852279746,0.343649543909,1
0.188791531698,-0.036454314097,0.00387446808071,0.0500225751433,1
0.188062445416,0.158611867335,0.00487491958358,-0.241435410064,0
0.191234682763,-0.0365793796122,4.62113823025e-05,0.0527812020276,1
0.190503095171,0.158541908964,0.00110183542285,-0.239887144377,0
0.19367393335,-0.0365957649815,-0.00369590746469,0.0531431284103,0
0.19294201805,-0.231664527176,-0.00263304489648,0.344657678944,1
0.188308727507,-0.0365052185636,0.00426010868239,0.0511456164875,1
0.187578623136,0.158555389047,0.00528302101215,-0.240190171721,0
0.190749730917,-0.0366416310349,0.00047921757772,0.0541544733564,1
0.190016898296,0.158473445597,0.00156230704485,-0.238377218023,0
0.193186367208,-0.036670789893,-0.0032052373156,0.054798096065,0
0.19245295141,-0.231746636381,-0.00210927539431,0.346468024551,1
0.187818018682,-0.0365947457069,0.00482008509671,0.0531207132124,1
0.187086123768,0.158457761194,0.00588249936096,-0.238037548841,0
0.190255278992,-0.0367477322953,0.00112174838414,0.0564950701066,1
0.189520324346,0.158358116953,0.00225164978628,-0.235833725682,0
