-0.014043600227,0.0405948617061,0.0222786232281,0.019928323544,0
-0.0132317029929,-0.154839386751,0.0226771896989,0.31955632171,0
-0.0163284907279,-0.350276838795,0.0290683161331,0.619303646855,1
-0.0233340275038,-0.155572694206,0.0414543890702,0.335915691684,1
-0.0264454813879,0.0389355398306,0.0481727029039,0.0565880966516,0
-0.0256667705913,-0.156842842085,0.0493044648369,0.364072289142,1
-0.028803627433,0.0375449812703,0.0565859106198,0.0873345301955,1
-0.0280527278076,0.231812093466,0.0583326012237,-0.186972354134,0
-0.0234164859383,0.0359061730576,0.054593154141,0.123526773052,1
-0.0226983624771,0.230205215149,0.0570636896021,-0.151445163767,1
-0.0180942581741,0.424465606241,0.0540347863267,-0.425593835377,0
-0.00960494604931,0.228621568196,0.0455229096192,-0.116378039237,1
-0.0050325146854,0.423062693598,0.0431953488344,-0.394358455811,0
0.00342873918656,0.227355282234,0.0353081797182,-0.0883756812085,1
0.00797584483125,0.421953808396,0.033540666094,-0.369713091491,0
0.0164149209992,0.226371760926,0.0261464042642,-0.0666459166434,1
0.0209423562177,0.421109279662,0.0248134859314,-0.350966186448,0
0.0293645418109,0.225643398698,0.0177941622024,-0.0505632066893,1
0.0338774097849,0.420505739702,0.0167828980686,-0.337579237031,0
0.0422875245789,0.225149034059,0.010031313328,-0.0396515061503,1
0.0467905052601,0.420125711043,0.00923828320498,-0.329152650119,0
0.055193019481,0.224873472605,0.00265523020259,-0.0335707737251,1
0.0596904889331,0.419957246398,0.00198381472809,-0.325414766111,0
0.068089633861,0.224807105595,-0.00452448059414,-0.0321068897721,1
0.0725857759729,0.419993646689,-0.00516661838958,-0.326213897438,0
0.0809856489067,0.224945635591,-0.0116908963383,-0.0351647647813,1
0.0854845616186,0.420233269057,-0.012394191634,-0.331513241931,0
0.0938892269997,0.225289912691,-0.0190244564726,-0.0427644659553,1
0.0983950252535,0.420679428875,-0.0198797457917,-0.341388556661,0
0.106808613831,0.225845880278,-0.0267075169249,-0.0550402414542,0
0.111325531437,0.031116853789,-0.027808321754,0.22909805401,1
0.111947868512,0.226624928097,-0.0232263606738,-0.0722252674873,0
0.116480367074,0.031843526118,-0.0246708660236,0.213040094788,1
0.117117237597,0.227309354418,-0.0204100641278,-0.0873219230918,0
0.121663424685,0.0324858178302,-0.0221565025896,0.198852373314,1
0.122313141042,0.227917548243,-0.0181794551233,-0.100736749424,0
0.126871492006,0.0330607911818,-0.0201941901118,0.186155623051,1
0.12753270783,0.228465765239,-0.0164710776508,-0.112828763046,0
0.132102023135,0.0335836543431,-0.0187276529117,0.174612473209,1
0.132773696222,0.228968554141,-0.0152354034475,-0.123919091333,0
0.137353067305,0.0340681488271,-0.0177137852742,0.163918552114,1
0.138034430281,0.22943913906,-0.0144354142319,-0.134299537595,0
0.142623213062,0.0345269017426,-0.0171214049838,0.153794492488,1
0.143313751097,0.229889765893,-0.0140455151341,-0.144240300054,0
0.147911546415,0.0349717497702,-0.0169303211351,0.143978639368,1
0.14861098141,0.230332020821,-0.0140507483478,-0.153997046908,0
0.153217621827,0.0354140418244,-0.017130689286,0.134220276923,1
0.153925902663,0.2307771285,-0.0144462837475,-0.163817531949,0
0.158541445233,0.0358649272674,-0.0177226343865,0.124273202817,1
0.159258743779,0.231236237149,-0.0152371703301,-0.173947921573,0
0.163883468522,0.0363356363906,-0.0187161287616,0.113889487733,1
0.164610181249,0.231720697404,-0.0164383390069,-0.184638994312,0
0.169244595198,0.0368377597415,-0.0201311188932,0.102813263253,1
0.169981350392,0.232242341467,-0.0180748536281,-0.196152368012,0
0.174626197222,0.0373835327737,-0.0219979009884,0.0907743833755,1
0.175373867877,0.232813768838,-0.0201824133208,-0.208766907243,0
0.180030143254,0.0379861322329,-0.0243577514657,0.0774818036575,1
0.180789865899,0.233448644671,-0.0228081153926,-0.222785464191,0
0.185458838792,0.0386599906182,-0.0272638246764,0.0626165173552,0
0.186232038604,-0.156060667429,-0.0260114943293,0.346574385419,1
0.183110825256,0.0394214350674,-0.0190800066209,0.0458039061624,1
0.183899253957,0.234811711958,-0.0181639284976,-0.252837344008,0
0.188595488196,0.0399537715511,-0.0232206753778,0.0340614497303,0
0.189394563627,-0.154827623725,-0.0225394463832,0.319328511552,1
0.186298011153,0.0406079609223,-0.0161528761522,0.0196235601229,0
0.187110170371,-0.154278660447,-0.0157604049497,0.307166617235,1
0.184024597162,0.0410642798851,-0.009617072605,0.009555229726,1
0.18484588276,0.236322823283,-0.00942596801048,-0.286146416921,0
0.189572339226,0.0413365608659,-0.0151488963489,0.00354879001027,0
0.190399070443,-0.153564893922,-0.0150779205487,0.29141382184,1
0.187327772565,0.0417687656908,-0.00924964411188,-0.00598610298174,0
0.188163147878,-0.153219319358,-0.00936936617152,0.2837641563,1
0.185098761491,0.0420350042514,-0.00369408304551,-0.0118590272568,1
0.185939461576,0.237209738157,-0.00393126359065,-0.30570518851,0
0.190683656339,0.0421440285795,-0.0100453673608,-0.0142646736908,0
0.191526536911,-0.152832429474,-0.0103306608347,0.275231968961,1
0.188469888322,0.0424353797388,-0.00482602145544,-0.020691275651,1
0.189318595916,0.23762620744,-0.00523984696846,-0.314892952443,0
0.194071120065,0.0425792868638,-0.0115377060173,-0.0238670959346,0
0.194922705802,-0.152375319013,-0.012015047936,0.265153338714,1
0.191875199422,0.0429160421142,-0.00671198116174,-0.0312948979374,0
0.192733520264,-0.152109015908,-0.00733787912049,0.259262791965,1
0.189691339946,0.0431169171168,-0.00215262328119,-0.0357255408309,1
0.190553678289,0.238269671161,-0.00286713409781,-0.329086864431,0
0.195319071712,0.0431886530232,-0.00944887138642,-0.0373094762351,0
0.196182844772,-0.151796534695,-0.0101950609111,0.252377322209,1
0.193146914078,0.0434694999603,-0.00514751446694,-0.0435038040338,0
0.194016304078,-0.151578261022,-0.00601759054761,0.247550598757,1
0.190984738857,0.0436291121811,-0.00106657857247,-0.047024320459,0
0.191857321101,-0.151477528813,-0.00200706498165,0.245321900528,1
0.188827770524,0.043673031212,0.00289937302891,-0.0479934266232,1
0.189701231149,0.238753287934,0.00193950449644,-0.339760167295,0
0.194476296907,0.0436037935952,-0.00485569884945,-0.0464662623884,0
0.195348372779,-0.151448194618,-0.00578502409721,0.244680700911,1
0.192319408887,0.0437559045657,-0.000891410078985,-0.049821335876,0
0.193194526978,-0.15135325335,-0.00188783679651,0.242580210192,1
0.190167461911,0.043795612877,0.00296376740734,-0.0506975912149,1
0.191043374169,0.238874941633,0.00194981558304,-0.342443952838,0
0.195820873001,0.0437253046359,-0.00489906347371,-0.0491468083604,0
0.196695379094,-0.151326056975,-0.00588199964092,0.241986404118,1
0.193668857955,0.0438794185823,-0.00104227155856,-0.0525460418773,0
0.194546446326,-0.151227572248,-0.00209319239611,0.239807857622,1
0.191521894881,0.043924218323,0.00270296475633,-0.0535345850629,1
0.192400379248,0.23900730853,0.00163227305507,-0.345363480743,0
0.197180525418,0.0438621761537,-0.00527499655979,-0.0521662840593,0
0.198057768942,-0.15118374219,-0.00631832224098,0.238847681219,1
0.195034094098,0.0440278987317,-0.0015413686166,-0.0558215097511,0
0.195914652072,-0.151071917811,-0.00265779881162,0.236374705228,1
0.192893213716,0.0440879042044,0.00206969529294,-0.057145385785,0
0.1937749718,-0.151063661628,0.000926787577239,0.236189825977,1
0.190753698568,0.044045036287,0.00565058409677,-0.056200619698,1
0.191634599293,0.239085513335,0.00452657170281,-0.347095401798,0
0.19641630956,0.0438994700088,-0.00241533633315,-0.0529885287675,0
0.19729429896,-0.151187765228,-0.0034751069085,0.238931362314,1
0.194270543656,0.0439836577005,0.00130352033779,-0.0548456837334,0
0.19515021681,-0.1511569598,0.000206606663117,0.238248228706,1
0.192127077614,0.0439620392096,0.00497157123724,-0.0543695212033,1
0.193006318398,0.239012353584,0.00388418081317,-0.345479741126,0
0.19778656547,0.0438353658386,-0.00302541400935,-0.0515745216732,0
0.198663272786,-0.151243073981,-0.00405690444281,0.240152328511,1
0.195638411307,0.0439365952305,0.000746142127415,-0.0538074926738,1
0.196517143211,0.239047839843,-0.000330007726061,-0.34625491236,0
0.201298100008,0.0439305843717,-0.00725510597326,-0.0536760673592,0
0.202176711696,-0.151086590968,-0.00832862732045,0.236709014465,1
0.199154979876,0.0441533532268,-0.00359444703115,-0.0585893327446,0
0.200038046941,-0.150916876431,-0.00476623368604,0.232957356355,1
0.197019709412,0.044272851724,-0.000107086558938,-0.0612251776908,0
0.197905166447,-0.150847563945,-0.00133159011275,0.231423960687,1
0.194888215168,0.0442933893079,0.00329688910098,-0.0616786970626,1
0.195774082954,0.239367915744,0.00206331515973,-0.35331961281,0
0.200561441269,0.0442166857319,-0.00500307709647,-0.0599867766733,0
0.201445774983,-0.150833175567,-0.00620281262994,0.231113455065,1
0.198429111472,0.0443768579955,-0.00158054352865,-0.0635195775035,0
0.199316648632,-0.150722396514,-0.00285093507872,0.228664259121,1
0.196302200702,0.0444401795665,0.00172235010371,-0.0649165890919,0
0.197191004293,-0.150706423185,0.000424018321873,0.228309251541,1
0.194176875829,0.0444094659877,0.00499020335269,-0.0642398945257,1
0.195065065149,0.239459516268,0.00370540546218,-0.355344213386,0
0.199854255474,0.0442850771438,-0.00340147880555,-0.0614951777975,0
0.200739957017,-0.150787939671,-0.0046313823615,0.230112621832,1
0.197724198224,0.0443998857979,-2.91299248588e-05,-0.0640275978836,0
0.19861219594,-0.15072164776,-0.00130968188253,0.228646138132,1
0.195597762985,0.0444189949021,0.0032632408801,-0.0644496211867,0
0.196486142883,-0.150749590341,0.00197424845637,0.22926108907,1
0.193471151076,0.0443440929377,0.00655947023777,-0.0627984368723,1
0.194358032935,0.239371385696,0.00530350150032,-0.353404612084,0
0.199145460649,0.0441744238792,-0.00176459074136,-0.0590540649645,0
0.200028949126,-0.150922182133,-0.00294567204065,0.233071599029,1
0.197010505484,0.044241734068,0.00171575993993,-0.0605390315251,0
0.197895340165,-0.150904775442,0.000504979309426,0.232684735056,1
0.194877244656,0.0442099566698,0.00515867401054,-0.0598388618849,1
0.195761443789,0.239257564492,0.00396189677284,-0.350889737252,0
0.200546595079,0.0440794945413,-0.0030558979722,-0.0569601354462,0
0.20142818497,-0.150998507277,-0.00419510068112,0.234757068374,1
0.198408214825,0.0441831302248,0.000500040686354,-0.0592461676338,0
0.199291877429,-0.150945987026,-0.000684882666323,0.233594483606,1
0.196272957689,0.0441857432525,0.00398700700579,-0.0593043986535,1
0.197156672554,0.239250302357,0.00280091903272,-0.350726734767,0
0.201941678601,0.0440886302345,-0.00421361566262,-0.0571619057673,0
0.202823451205,-0.150972652312,-0.00535685377796,0.234188621297,1
0.199803998159,0.044225426081,-0.000673081352015,-0.060179202745,0
0.200688506681,-0.15088686808,-0.00187666540691,0.232291286299,1
0.197670769319,0.0442618481215,0.00276916031907,-0.0609830118425,1
0.198556006282,0.239343986321,0.00154950008222,-0.352790965096,0
0.203342886008,0.0442000354704,-0.00550631921969,-0.0596198373757,0
0.204226886717,-0.150842535066,-0.0066987159672,0.231320733568,1
0.201210036016,0.0443744920098,-0.00207230129584,-0.0634676448859,0
0.202097525856,-0.150717686302,-0.00334165419356,0.22856073808,1
0.19908317213,0.0444518589947,0.00122956056804,-0.0651743898287,0
0.19997220931,-0.150687699223,-7.39272285349e-05,0.227896216952,1
0.196958455326,0.0444353083972,0.00448399711051,-0.0648100282837,1
0.197847161494,0.239492684809,0.00318779654483,-0.356074860772,0
0.20263701519,0.0443255556704,-0.00393370067061,-0.0623884439392,0
0.203523526303,-0.150739775184,-0.00518146954939,0.2290507835,1
0.2005087308,0.0444558359002,-0.000600453879389,-0.065262047962,0
0.201397847518,-0.150657501282,-0.00190569483863,0.227231371621,1
0.198384697492,0.0444916324683,0.00263893259378,-0.0660520714097,0
0.199274530141,-0.150668054053,0.00131789116559,0.227462284341,1
0.19626116906,0.0444350384288,0.00586713685241,-0.0648046403446,1
0.197149869829,0.239472381039,0.00457104404552,-0.355630690566,0
0.20193931745,0.0442857376957,-0.00254156976579,-0.0615099020126,0
0.202825032204,-0.150799681025,-0.00377176780604,0.230370060235,1
0.199809038583,0.044375963899,0.000835633398666,-0.0635002217984,0
0.200696557861,-0.150757958263,-0.000434371037302,0.229446235442,1
0.197681398696,0.044370197468,0.00415455367153,-0.0633736756238,1
0.198568802645,0.23943233692,0.00288708015905,-0.354742924414,0
0.203357449383,0.0442694544601,-0.00420777832923,-0.0611510203818,0
0.204242838473,-0.15079191442,-0.00543079873686,0.230201359534,1
0.201227000184,0.0444072188493,-0.000826771546178,-0.0641896695201,0
0.202115144561,-0.150702868827,-0.00211056493658,0.228232291161,1
0.199101087185,0.0444491800278,0.00245408088664,-0.065115635775,1
0.199990070785,0.23953586046,0.00115176817114,-0.357023276183,0
0.204780787995,0.0443975533853,-0.00598869735252,-0.0639773899523,0
0.205668739062,-0.150638025306,-0.00726824515157,0.226810065463,1
0.202655978556,0.0445870401252,-0.00273204384231,-0.0681566430551,0
0.203547719359,-0.15049563562,-0.00409517670341,0.223663058591,1
0.200537806646,0.0446846063994,0.000378084468403,-0.0703088280787,0
0.201431498774,-0.15044276324,-0.00102809209317,0.222493362291,1
0.198422643509,0.04469386757,0.00342177515266,-0.0705136882549,0
0.199316520861,-0.150476972724,0.00201150138756,0.223246858245,1
0.00936715585917,-0.043048935001,0.0364160191989,0.00566872456771,0
0.00850617715915,-0.238673708693,0.0365293936902,0.309615282697,0
0.0037327029853,-0.434296571472,0.0427216993442,0.613591073186,1
-0.00495322844414,-0.239796838401,0.0549935208079,0.334664034812,0
-0.00974916521216,-0.435656583988,0.0616868015041,0.644169459889,1
-0.0184622968919,-0.241446118344,0.0745701907019,0.371532271731,1
-0.0232912192588,-0.0474584033922,0.0820008361365,0.103262680235,1
-0.0242403873266,0.146398486691,0.0840660897412,-0.1624643253,0
-0.0213124175928,-0.0498200339971,0.0808168032352,0.155510374625,1
-0.0223088182728,0.144057377531,0.0839270107277,-0.110622263438,1
-0.0194276707221,0.337882675099,0.081714565459,-0.375691284475,0
-0.0126700172202,0.141700904402,0.0742007397695,-0.0584031955983,1
-0.00983599913211,0.335684851768,0.0730326758575,-0.326783458794,1
-0.00312230209675,0.529695146904,0.0664970066816,-0.595570617076,0
0.00747160084132,0.333708652702,0.0545855943401,-0.282704888549,1
0.0141457738954,0.528011255268,0.0489314965691,-0.557684497614,0
0.0247059990007,0.332237786145,0.0377778066169,-0.249995657813,1
0.0313507547236,0.526800458721,0.0327778934606,-0.53052740351,0
0.041886763898,0.331233128997,0.0221673453904,-0.227699006374,1
0.048511426478,0.52603139045,0.0176133652629,-0.51330794407,0
0.059032054287,0.33066585177,0.00734720638152,-0.215127029511,1
0.0656453713224,0.525681998547,0.0030446657913,-0.50548329503,0
0.0761590112933,0.33051727399,-0.00706500010931,-0.211842434715,0
0.0827693567731,0.13549704477,-0.0113018488036,0.0786035156793,1
0.0854792976685,0.330779174041,-0.00972977849002,-0.217623643437,0
0.0920948811493,0.135797654309,-0.0140822513588,0.0719742825587,1
0.0948108342355,0.331118633741,-0.0126427657076,-0.225118181581,0
0.10143320691,0.136179633696,-0.0171451293392,0.0635500754802,1
0.104156799584,0.331543153777,-0.0158741278296,-0.23449255564,0
0.11078766266,0.136651564134,-0.0205639789424,0.0531411992716,1
0.113520693942,0.332062247526,-0.019501154957,-0.245958235667,0
0.120161938893,0.13722417059,-0.0244203196703,0.0405103333615,1
0.122906422305,0.332687639162,-0.0236101130031,-0.259776310478,0
0.129560175088,0.137910554513,-0.0288056392126,0.0253671599039,0
0.132318386178,-0.0567867105763,-0.0282982960146,0.308824214422,1
0.131182651967,0.138726777307,-0.0221218117261,0.00735281053815,1
0.133957187513,0.334158886147,-0.0219747555154,-0.292226908215,0
0.140640365236,0.139357034888,-0.0278192936797,-0.00655473754543,0
0.143427505934,-0.0553551306529,-0.0279503884306,0.277222682906,1
0.142320403321,0.140154192973,-0.0224059347724,-0.0241431018264,0
0.14512348718,-0.0546393903549,-0.022888796809,0.261387138996,1
0.144030699373,0.140801688792,-0.017661054029,-0.0384264085278,0
0.146846733149,-0.0540626082691,-0.0184295821996,0.248632372781,1
0.145765480983,0.141317623736,-0.013456934744,-0.0498061964883,1
0.148591833458,0.336629923414,-0.0144530586737,-0.346704339117,0
0.155324431926,0.141716505446,-0.0213871454561,-0.0586137996796,0
0.158158762035,-0.0530923689433,-0.0225594214497,0.227245342385,1
0.157096914656,0.142344594602,-0.018014514602,-0.0724674160095,0
0.159943806548,-0.0525145237579,-0.0194638629221,0.214477854815,1
0.158893516073,0.1428802081,-0.0151743058258,-0.084280741325,0
0.161751120235,-0.0520209764328,-0.0168599206523,0.203576303017,1
0.160710700707,0.143337980305,-0.012788394592,-0.094377065814,0
0.163577460313,-0.0515983651518,-0.0146759359083,0.194243856805,1
0.16254549301,0.143730411928,-0.0107910587722,-0.103032326765,0
0.165420101248,-0.051235242347,-0.0128517053075,0.186226617739,1
0.164395396401,0.144068205842,-0.00912717295272,-0.110482659063,0
0.167276760518,-0.0509217757911,-0.011336826134,0.179306779108,1
0.166258325002,0.144360556194,-0.00775069055182,-0.116930850765,0
0.169145536126,-0.0506494894509,-0.0100893075671,0.17329675138,1
0.168132546337,0.144615397428,-0.00662337253952,-0.122551877551,0
0.171024854286,-0.0504110387512,-0.00907441009055,0.168034102732,1
0.170016633511,0.144839619278,-0.00571372803591,-0.127497665922,0
0.172913425896,-0.0502000152161,-0.00826368135435,0.163377183381,1
0.171909425592,0.145039253167,-0.00499613768674,-0.13190121448,0
0.174810210655,-0.0500107758767,-0.00763416197633,0.159201319183,1
0.173809995138,0.145219634848,-0.00445013559266,-0.135880185181,0
0.176714387835,-0.0498382932708,-0.00716773929628,0.155395474304,1
0.175717621969,0.145385547553,-0.00405982981021,-0.139540061837,0
0.17862533292,-0.0496780222792,-0.00685063104695,0.151859294919,1
0.177631772475,0.145541349441,-0.00381344514857,-0.142976961061,0
0.180542599464,-0.0495257804138,-0.00667298436978,0.148500456015,1
0.179552083855,0.145691088715,-0.00370297524947,-0.146280170979,0
0.18246590563,-0.0493776384937,-0.00662857866905,0.14523224151,1
0.18147835286,0.145838609451,-0.00372393383885,-0.149534485221,0
0.184395125049,-0.0492298189027,-0.00671462354327,0.141971294433,1
0.183410528671,0.145987650903,-0.0038751976546,-0.152822393582,0
0.186330281689,-0.0490785988232,-0.00693164552623,0.138635478746,1
0.185348709712,0.146141942855,-0.00415893595131,-0.15622618634,0
0.188271548569,-0.0489202159814,-0.00728345967812,0.135141797818,1
0.18729314425,0.146305299462,-0.00458062372176,-0.159830026238,0
0.190219250239,-0.0487507745261,-0.00777722424652,0.131404316569,1
0.189244234749,0.146481713927,-0.00514913791514,-0.163722040525,0
0.192173869027,-0.0485661486861,-0.00842357872563,0.127332034978,1
0.191202546053,0.146675456361,-0.00587693802608,-0.167996485241,0
0.194136055181,-0.0483618818319,-0.0092368677309,0.122826660022,1
0.193168817544,0.146891177191,-0.00678033453047,-0.172756034896,0
0.196106641088,-0.0481330784817,-0.0102354552284,0.117780221183,1
0.195143979518,0.147134018563,-0.00787985080472,-0.178114253012,0
0.198086659889,-0.047874286661,-0.011442135865,0.112072471361,1
0.197129174156,0.147409736322,-0.00920068643773,-0.184198302563,0
0.200077368883,-0.0475793678411,-0.012884652489,0.105568010365,1
0.199125781526,0.147724835308,-0.0107732922817,-0.191151960251,0
0.202080278232,-0.0472413514455,-0.0145963314867,0.0981130619892,1
0.201135451203,0.148086720923,-0.0126340702469,-0.199139004788,0
0.204097185622,-0.0468522706419,-0.0166168503427,0.0895318279495,0
0.203160140209,-0.241732148753,-0.0148262137837,0.376926159233,1
0.198325497234,-0.0464027955229,-0.00728769059906,0.0796055841144,1
0.197397441323,0.14882286443,-0.00569557891677,-0.21536769153,0
0.200373898612,-0.0462172004061,-0.0100029327474,0.0755131693195,0
0.199449554604,-0.241194332696,-0.00849266936098,0.365023422829,1
0.19462566795,-0.0459527243518,-0.0011922009044,0.0696747568845,1
0.193706613463,0.149186298816,0.000201294233291,-0.223384076831,0
0.196690339439,-0.045938528879,-0.00426638730332,0.0693623392865,1
0.195771568861,0.149244327856,-0.00287914051759,-0.224663595334,0
0.198756455419,-0.045836355955,-0.00737241242427,0.0671097514066,0
0.197839728299,-0.240851836651,-0.00603021739614,0.35745755319,1
0.193022691566,-0.0456446764953,0.00111893366766,0.0628792635849,1
0.192109798036,0.149461214034,0.00237651893936,-0.229450422573,0
0.195099022317,-0.0456946171016,-0.0022124895121,0.063981193384,1
0.194185129975,0.149458985616,-0.000932865644417,-0.229398965605,0
0.197174309687,-0.0456496224228,-0.00552084495651,0.0629895566505,0
0.196261317239,-0.240691984642,-0.0042610538235,0.35392552119,1
0.191447477546,-0.0455097044523,0.0028174566003,0.0599020127503,1
0.190537283457,0.149571737084,0.00401549685531,-0.231890656984,0
0.193528718199,-0.0456073606834,-0.000622316284363,0.062056182241,1
0.192616570985,0.149523507592,0.000618807360457,-0.230823024471,0
0.195607041137,-0.0456072805952,-0.00399765312897,0.0620550311225,0
0.194694895525,-0.240671687149,-0.00275655250652,0.35347399604,1
0.189881461782,-0.0455106476546,0.00431292741429,0.0599231235975,1
0.188971248829,0.149549200261,0.00551138988624,-0.23139593027,0
0.191962232834,-0.045651069005,0.000883471280833,0.0630203670962,1
0.191049211454,0.14945820423,0.00214387862276,-0.229383688019,0
0.194038375539,-0.0456943175677,-0.00244379513762,0.0639747217885,1
0.193124489187,0.149462586072,-0.00116430070185,-0.2294782346,0
0.196113740909,-0.0456427078508,-0.00575386539384,0.0628372035929,0
0.195200886752,-0.240681691737,-0.00449712132198,0.353699209483,1
0.190387252917,-0.0454960838028,0.00257686286767,0.0596016089535,1
0.189477331241,0.149588825741,0.00376889504674,-0.232267186962,0
0.192469107756,-0.0455867752159,-0.000876448692506,0.0616021877065,1
0.191557372251,0.149547731341,0.000355595061624,-0.231357135591,0
0.194548326878,-0.0455792992566,-0.00427154765019,0.0614379367471,0
0.193636740893,-0.240639746287,-0.00304278891525,0.352770106785,1
0.188823945967,-0.0454746589352,0.00401261322044,0.0591292524064,1
0.187914452789,0.149589530034,0.00519519826857,-0.232284970374,0
0.190906243389,-0.0456062676294,0.000549498861095,0.0620321562872,1
0.189994118037,0.149507800726,0.00179014198684,-0.230477349403,0
0.192984274051,-0.045639685163,-0.00281940500122,0.0627697118653,0
0.192071480348,-0.240721099574,-0.00156401076391,0.354561766478,1
0.187257058357,-0.0455769449386,0.00552722456564,0.0613860735579,1
0.186345519458,0.149465323737,0.0067549460368,-0.229547864782,0
0.189334825933,-0.0457525013285,0.00216398874117,0.0652581311349,1
0.188419775906,0.149338357366,0.00346915136387,-0.226741259528,0
0.191406543053,-0.0458330002882,-0.0010656738267,0.0670339437429,1
0.190489883048,0.149304213355,0.00027500504816,-0.22598501856,0
0.193475967315,-0.0458216670579,-0.00424469532304,0.0667846424743,0
0.192559533973,-0.240882505179,-0.00290900247356,0.358125327111,1
0.18774188387,-0.0457193196762,0.00425350406866,0.0645265419803,1
0.186827497476,0.149341389859,0.00554403490826,-0.226811349079,0
0.189814325274,-0.0458593520567,0.00100780792668,0.0676152019045,1
0.188897138232,0.149248135727,0.00236011196477,-0.224749585667,0
0.191882100947,-0.0459074669793,-0.00213487974856,0.068676875386,1
0.190963951607,0.149245026542,-0.000761342240845,-0.224678851979,0
0.193948852138,-0.0458660351404,-0.00525491928042,0.0677638211265,0
0.193031531435,-0.240912253959,-0.00389964285789,0.358784170676,1
0.188213286356,-0.0457350836395,0.00327604055562,0.0648741491743,1
0.187298584683,0.14933974496,0.00457352353911,-0.226773369304,0
0.190285379583,-0.0458472681682,3.80561530324e-05,0.0673486995646,1
0.189368434219,0.149274137418,0.00138503014432,-0.225322220094,0
0.192353916968,-0.0458675811413,-0.00312141425756,0.0677972757208,1
0.191436565345,0.149298982301,-0.00176546874314,-0.225868837581,0
0.194422544991,-0.045797692943,-0.00628284549476,0.0662566716744,0
0.193506591132,-0.240829004932,-0.00495771206127,0.356950721232,1
0.188690011033,-0.0456369213443,0.00218130236338,0.0627086326752,1
0.187777272606,0.149453687354,0.00343547501688,-0.229285281793,0
0.190766346353,-0.0457171884657,-0.00115023061899,0.064479331979,1
0.189852002584,0.149421235173,0.000139356020595,-0.228566277576,0
0.192840427288,-0.0457027072354,-0.00443196953093,0.0641606038647,0
0.191926373143,-0.240760835813,-0.00314875745364,0.355441928409,1
0.187111156427,-0.0455942567957,0.00396008111455,0.0617677779797,1
0.186199271291,0.149470692567,0.00519543667414,-0.229663090971,0
0.189188685142,-0.0457251146065,0.000602174854719,0.0646541196825,1
0.18827418285,0.149388197825,0.00189525724837,-0.227838756505,0
0.191261946806,-0.0457607868166,-0.00266151788174,0.0654414000238,0
0.19034673107,-0.24084447816,-0.00135268988126,0.357283415274,1
0.185529841507,-0.0457033219996,0.00579297842421,0.0641742581267,1
0.184615775067,0.149335095653,0.00707646358674,-0.226675333323,0
0.18760247698,-0.045887268986,0.00254295692028,0.0682313445811,1
0.1866847316,0.149198131909,0.00390758381191,-0.223648182074,0
0.189668694238,-0.0459794504634,-0.000565379829584,0.0702647830484,1
0.188749105229,0.149150601841,0.000839915831385,-0.222596470289,0
0.191732117266,-0.04598334432,-0.00361201357439,0.0703512809342,1
0.19081245038,0.14919020425,-0.00220498795571,-0.223469061836,0
0.193796254465,-0.0459001623413,-0.00667436919243,0.0685175107255,0
0.192878251218,-0.240925791065,-0.00530401897792,0.359087187976,1
0.188059735397,-0.0457288429189,0.00187772478161,0.0647365100308,1
0.187145158538,0.149366136388,0.00317245498222,-0.227353392261,0
0.190132481266,-0.0458010084653,-0.001374612863,0.0663285520294,1
0.189216461097,0.149340623809,-4.80418224084e-05,-0.226787755888,0
0.192203273573,-0.0457806407982,-0.00458379694016,0.0658800163896,0
0.191287660757,-0.240836574114,-0.00326619661237,0.357113211019,1
0.186470929275,-0.0456683399111,0.003876067608,0.0634021611635,1
0.185557562476,0.149397824147,0.00514411083127,-0.228055325913,0
0.188545518959,-0.045797260893,0.000583004313018,0.0662457896496,1
0.187629573741,0.149316326837,0.00190792010601,-0.226253138949,0
0.190615900278,-0.0458328394189,-0.00261714267296,0.0670310058257,0
0.18969924349,-0.240917170855,-0.00127652255645,0.358887061749,1
0.184880900073,-0.0457770961262,0.00590121867853,0.0658018906138,1
0.18396535815,0.149259752902,0.00721725649081,-0.225013340693,0
0.186950553208,-0.0459646001816,0.00271698967694,0.0699374172021,1
0.186031261205,0.149118293213,0.00411573802099,-0.221887048828,0
-0.0404720585666,0.0307025851121,-0.0278105697821,-0.049576788123,0
-0.0398580068644,-0.164009777761,-0.0288021055446,0.234203562909,0
-0.0431382024196,-0.358708619254,-0.0241180342864,0.51766404924,0
-0.0503123748046,-0.553482833134,-0.0137647533016,0.802650387361,0
-0.0613820314673,-0.74841335167,0.00228825444559,1.09097175604,1
-0.0763502985007,-0.553321634904,0.0241076895663,0.799007693249,1
-0.0874167311988,-0.358538557084,0.0400878434313,0.514004949747,0
-0.0945875023405,-0.554201485458,0.0503679424263,0.819046215497,1
-0.10567153205,-0.359803767895,0.0667488667362,0.54262135561,1
-0.112867607408,-0.165680283883,0.0776012938484,0.271694161522,0
-0.116181213085,-0.361818854166,0.0830351770788,0.587808496318,1
-0.123417590169,-0.167951905747,0.0947913470052,0.322394307623,1
-0.126776628283,0.0257013853986,0.101239233158,0.0610453727385,1
-0.126262600575,0.219237038037,0.102460140612,-0.198058144535,0
-0.121877859815,0.0228101937793,0.0984989777217,0.125107498676,1
-0.121421655939,0.216393164482,0.101001127695,-0.134947586625,1
-0.11709379265,0.409934259504,0.0983021759628,-0.394135849089,0
-0.108895107459,0.213564850677,0.090419458981,-0.072149459278,1
-0.104623810446,0.407281999345,0.0889764697954,-0.334991051517,1
-0.096478170459,0.601032410777,0.0822766487651,-0.598342433528,0
-0.0844575222435,0.404861464654,0.0703098000945,-0.280919376657,1
-0.0763602929504,0.598913722624,0.0646914125614,-0.55062453731,0
-0.0643820184979,0.402945635355,0.0536789218152,-0.238281271459,1
-0.0563231057908,0.597261272843,0.048913296386,-0.51356087364,1
-0.0443778803339,0.791661430215,0.0386420789132,-0.790437575347,0
-0.0285446517296,0.5960307589,0.0228333274063,-0.485852685333,0
-0.0166240365517,0.400594170399,0.0131162736996,-0.186061804044,1
-0.00861215314367,0.595526025947,0.00939503761873,-0.474578362259,0
0.00329836737527,0.400272669436,-9.65296264515e-05,-0.178949152754,1
0.011303820764,0.595396001883,-0.00367551268152,-0.47166252977,0
0.0232117408017,0.400326157514,-0.0131087632769,-0.180140337966,1
0.0312182639519,0.595633215468,-0.0167115700363,-0.476929620158,0
0.0431309282613,0.400751161658,-0.0262501624394,-0.189560330892,0
0.0511459514944,0.206014399467,-0.0300413690572,0.0947275161138,1
0.0552662394838,0.40155375712,-0.028146818735,-0.207280011067,0
0.0632973146262,0.206845363704,-0.0322924189563,0.0763928222709,1
0.0674342219003,0.402415012489,-0.0307645625109,-0.226301030335,0
0.0754825221501,0.207745932104,-0.0352905831176,0.0565210618211,1
0.0796374407921,0.403355653589,-0.0341601618812,-0.247084104336,0
0.0877045538639,0.208737804631,-0.0391018439679,0.03463122409,0
0.0918793099565,0.0141977669261,-0.0384092194861,0.314725214074,1
0.092163265295,0.209845201094,-0.0321147152046,0.0101809763273,1
0.0963601693169,0.405412651046,-0.0319110956781,-0.292459040403,0
0.104468422338,0.21075987747,-0.0377602764861,-0.0100088011692,0
0.108683619887,0.0161992343653,-0.0379604525095,0.270525245857,1
0.109007604575,0.211841743107,-0.0325499475924,-0.0338847954855,0
0.113244439437,0.0172013236973,-0.0332276435021,0.248353186438,1
0.113588465911,0.212781663819,-0.0282605797733,-0.0546225166142,0
0.117844099187,0.0180760879419,-0.0293530301056,0.229011722705,1
0.118205620946,0.213604937744,-0.0247727956515,-0.0727837619379,0
0.122477719701,0.0188467349936,-0.0262284708903,0.211981448691,1
0.122854654401,0.214333680772,-0.0219888419164,-0.0888584007083,0
0.127141328016,0.0195337013756,-0.0237660099306,0.196806731973,1
0.127532002044,0.214987389346,-0.0198298752911,-0.103277555475,0
0.13183174983,0.0201551517458,-0.0218954264006,0.18308374202,1
0.132234852865,0.215583444816,-0.0182337515602,-0.116425173755,0
0.136546521762,0.0207274329536,-0.0205622550353,0.170449831678,1
0.136961070421,0.216137566539,-0.0171532584018,-0.128648282393,0
0.141283821752,0.0212654879957,-0.0197262240496,0.158574022276,1
0.141709131511,0.216664222086,-0.0165547436041,-0.140266188725,0
0.146042415953,0.0217832366095,-0.0193600673786,0.14714836135,1
0.146478080685,0.217177003147,-0.0164171001516,-0.151578867448,0
0.150821620748,0.0222939298369,-0.0194486775006,0.135879938931,1
0.151267499345,0.217688975667,-0.0167310787219,-0.162874750999,0
0.155621278858,0.0228104860728,-0.0199885737419,0.124483362587,1
0.15607748858,0.218213012366,-0.0174989064902,-0.174438124366,0
0.160441748827,0.023345816088,-0.0209876689775,0.112673502275,1
0.160908665149,0.218762115464,-0.018734198932,-0.186556312799,0
0.165283907458,0.0239131444232,-0.022465325188,0.100158323314,1
0.165762170347,0.219349737055,-0.0204621587217,-0.199526842507,0
0.170149165088,0.0245263344252,-0.0244526955718,0.0866316292969,0
0.170639691776,-0.170236728718,-0.0227200629859,0.371500510638,1
0.167234957202,0.0252005098645,-0.0152900527731,0.0717411893673,1
0.167738967399,0.220538290628,-0.0138552289858,-0.225726332421,0
0.172149733212,0.025617067288,-0.0183697556342,0.0625541321573,1
0.172662074558,0.220997514642,-0.017118672991,-0.235867496638,0
0.17708202485,0.026124271369,-0.0218360229238,0.0513668947163,0
0.177604510278,-0.16867787976,-0.0208086850295,0.337081180611,1
0.174230952683,0.0267339154458,-0.0140670614173,0.0379096337849,1
0.174765630992,0.222054734676,-0.0133088687416,-0.259178187312,0
0.179206725685,0.0271252836246,-0.0184924324878,0.0292774024432,0
0.179749231358,-0.167726659904,-0.0179068844389,0.316068878725,1
0.176394698159,0.0276457187154,-0.0115855068644,0.0177929524352,0
0.176947612534,-0.167308183218,-0.0112296478157,0.30679811712,1
0.173601448869,0.0279719710434,-0.00509368547334,0.0105949078154,0
0.17416088829,-0.167076560805,-0.00488178731703,0.30166637305,1
0.170819357074,0.028114627488,0.00115154014396,0.00744783965799,1
0.171381649624,0.223220045083,0.00130049693712,-0.284871539968,0
0.175846050526,0.028079569968,-0.00439693386224,0.00822127116642,1
0.176407641925,0.223264302442,-0.00423250843891,-0.285845691806,0
0.180872927974,0.0282029691526,-0.00994942227503,0.00549933360154,0
0.181436987357,-0.166774890276,-0.009839435603,0.295026565184,1
0.178101489551,0.0284859450322,-0.00393890429932,-0.000743257223198,0
0.178671208452,-0.166579295677,-0.00395376944378,0.290694299151,1
0.175339622538,0.0285988085866,0.00186011653923,-0.00323297412448,1
0.17591159871,0.2236940337,0.00179545705674,-0.295328431571,0
0.180385479384,0.0285465318638,-0.00411111157468,-0.00207978654283,0
0.180956410021,-0.166516219453,-0.00415270730554,0.289303204436,1
0.177626085632,0.0286647016101,0.00163335678318,-0.00468654518311,1
0.178199379665,0.223763190095,0.00153962587952,-0.296853680859,0
0.182674643466,0.0286193246351,-0.00439744773765,-0.003685579773,1
0.183247029959,0.223804064646,-0.00447115933311,-0.297752704466,0
0.187723111252,0.0287461341351,-0.0104262134224,-0.0064832497507,0
0.188298033935,-0.166224750429,-0.0105558784175,0.282891930162,1
0.184973538926,0.0290461601273,-0.00489803981421,-0.0131014876701,0
0.185554462129,-0.166005205582,-0.00516006956761,0.278032033376,1
0.182234358017,0.0291899778317,0.000400571099897,-0.0162738974774,1
0.182818157574,0.224306182089,7.50931503484e-05,-0.308830412482,0
0.187304281216,0.0291831609914,-0.00610151509929,-0.0161238042751,0
0.187887944435,-0.165850758019,-0.00642399118479,0.274627794336,1
0.184570929275,0.0293622579663,-0.000931435298082,-0.020074328093,0
0.185158174434,-0.165746323096,-0.00133292185994,0.27231457461,1
0.181843247972,0.02939462235,0.00411336963225,-0.020788462443,1
0.182431140419,0.224457342736,0.00369760038339,-0.312170740446,0
0.186920287274,0.0292829097963,-0.00254581442552,-0.0183240003535,0
0.18750594547,-0.165802439195,-0.00291229443259,0.273554606215,1
0.184189896686,0.0293609446181,0.00255879769171,-0.0200454414054,1
0.184777115578,0.224446106636,0.0021578888636,-0.31191994075,0
0.189266037711,0.0292934795491,-0.0040805099514,-0.01855726283,0
0.189851907302,-0.165769715556,-0.004451655208,0.272835427301,1
0.186536512991,0.0294154717515,0.00100505333801,-0.0212482349509,1
0.187124822426,0.224522995067,0.000580088638994,-0.313613886479,0
0.191615282327,0.0293927849962,-0.00569218909059,-0.020748074569,0
0.192203138027,-0.165647073659,-0.00610715058197,0.270133479254,1
0.188890196554,0.0295614933488,-0.00070448099689,-0.0244694018221,1
0.189481426421,0.224693540356,-0.00119386903333,-0.317374517097,0
0.193975297228,0.0295886139757,-0.00754135937526,-0.0250683335044,0
0.194567069508,-0.165424380332,-0.00804272604535,0.265225701257,1
0.191258581901,0.0298114343701,-0.00273821202022,-0.0299830851263,0
0.191854810589,-0.165271142454,-0.00333787372274,0.261834649764,1
0.188549387739,0.0298982960435,0.00189881927254,-0.0318992101902,1
0.18914735366,0.224992965897,0.00126083506873,-0.323982434877,0
0.193647212978,0.0298530842904,-0.00521881362881,-0.0309021597165,0
0.194244274664,-0.165193639024,-0.00583685682314,0.260129616801,1
0.190940401884,0.0300111474229,-0.000634264487124,-0.0343886012374,0
0.191540624832,-0.165101702507,-0.00132203651187,0.258094141041,1
0.188238590782,0.0300390977569,0.00383984630895,-0.0350054821782,1
0.188839372737,0.225105774644,0.00313973666538,-0.326474428363,0
0.19334148823,0.0299392625657,-0.00338975190187,-0.0328030221362,0
0.193940273481,-0.165133914572,-0.00404581234459,0.258808477318,1
0.19063759519,0.0300455607326,0.00113035720176,-0.0351478051167,0
0.191238506404,-0.165092581844,0.000427401099425,0.257891546697,1
0.187936654768,0.0300232649438,0.00558523203337,-0.034656540833,1
0.188537120066,0.225064678786,0.00489210121671,-0.325572048717,0
0.193038413642,0.0298734165051,-0.00161933975763,-0.0313503868514,0
0.193635881972,-0.165225275172,-0.00224634749466,0.260821181284,1
0.190331376469,0.0299286707076,0.00297007613101,-0.0325694245725,1
0.190929949883,0.225007904097,0.00231868763956,-0.324313782911,0
0.195430107965,0.0298530143238,-0.00416758801867,-0.0309005416068,0
0.196027168251,-0.165208924259,-0.0047855988508,0.260464557948,1
0.192722989766,0.0299810145724,0.000423692308153,-0.0337239583234,0
0.193322610058,-0.165147009981,-0.000250786858316,0.25909261777,1
0.190019669858,0.0299785205666,0.00493106549709,-0.0336694001825,1
0.190619240269,0.225029412664,0.00425767749344,-0.324792453898,0
0.195119828523,0.0298470979362,-0.00223817158452,-0.0307698820738,0
0.195716770481,-0.165242685293,-0.002853569226,0.261206037911,1
0.192411916776,0.0299198838352,0.00237055153222,-0.0323755721113,1
0.193010314452,0.225007760211,0.00172304008999,-0.324309622954,0
0.197510469656,0.0298613173203,-0.00476315236908,-0.0310838196041,0
0.198107696003,-0.165192005047,-0.00538482876116,0.26009248348,1
0.194803855902,0.0300064014713,-0.000182979091559,-0.0342840132773,1
0.195403983931,0.225130976191,-0.000868659357104,-0.327024666309,0
0.199906603455,0.0300214029509,-0.00740915268329,-0.034615802686,0
0.200507031514,-0.164993519415,-0.00810146873701,0.255720280853,1
0.197207161126,0.0302431591884,-0.00298706311995,-0.0395069322658,0
0.19781202431,-0.164835830617,-0.00377720176527,0.252232051741,1
0.194515307697,0.0303398524886,0.00126743926956,-0.0416398791324,0
0.195122104747,-0.164800250564,0.000434641686915,0.251442667387,1
0.191826099736,0.0303154913703,0.00546349503466,-0.0411031332178,1
0.192432409563,0.225358672645,0.00464143237031,-0.332057279094,0
0.196939583016,0.0301709644124,-0.00199971321158,-0.037914294204,0
0.197543002304,-0.16492225379,-0.00275799909566,0.254137032696,1
0.194244557229,0.0302389685675,0.00232474155826,-0.0394145381685,1
0.1948493366,0.225327506088,0.00153645079489,-0.331363080291,0
0.199355886722,0.0301837182475,-0.00509081081093,-0.0381960276788,0
0.199959561087,-0.164864861931,-0.00585473136451,0.252876359473,1
0.196662263848,0.0303401979338,-0.000797204175049,-0.0416474931149,0
0.197269067807,-0.164770312492,-0.00163015403735,0.250783801522,1
0.193973661557,0.030374879512,0.00338552199308,-0.0424128626248,1
0.194581159147,0.225448120104,0.00253726474059,-0.334025705037,0
0.199090121549,0.030290149066,-0.00414324936016,-0.0405437357252,0
0.19969592453,-0.164772144205,-0.00495412407467,0.250829080954,1
0.196400481646,0.0304202006203,6.24575444061e-05,-0.0434123498073,0
0.197008885659,-0.164702646161,-0.000805789451739,0.249290282312,1
0.193714832736,0.0304308031275,0.00418001619451,-0.0436466986696,1
0.194323448798,0.225492565884,0.00330708222111,-0.335007865458,0
0.198833300116,0.0303237048971,-0.00339307508804,-0.0412838944664,0
0.199439774214,-0.164749426344,-0.00421875297737,0.250326555834,1
0.196144785687,0.0304325151553,0.000787778139308,-0.0436840607474,0
0.19675343599,-0.164700723623,-8.59030756393e-05,0.249247313346,1
0.193459421517,0.0304224542601,0.00489904319128,-0.0434627079038,1
0.194067870603,0.225473813648,0.0040297890332,-0.33459592304,0
0.198577346876,0.0302947420474,-0.00266212942761,-0.0406449380308,0
0.199183241717,-0.16478893365,-0.00347502818823,0.25119687348,1
0.195887463044,0.0303824677809,0.00154890928137,-0.0425801172581,0
0.196495112399,-0.164761660032,0.000697306936204,0.250591102478,1
0.193199879199,0.0303503265666,0.00570912898577,-0.0418717980449,1
0.19380688573,0.225389946914,0.00487169302487,-0.332747985911,0
0.198314684668,0.030198994798,-0.00178326669336,-0.0385327600546,0
0.198918664564,-0.164897339009,-0.00255392189445,0.253586995215,1
-0.0269819741875,-0.0499831349057,0.0106794950576,0.0112257667513,0
-0.0279816368856,-0.245256603213,0.0109040103926,0.307258977795,0
-0.0328867689499,-0.44053221841,0.0170491899485,0.603360702965,0
-0.0416974133181,-0.635888422994,0.0291164040078,0.901364641032,1
-0.054415181778,-0.441172807133,0.0471436968285,0.617974026623,0
-0.0632386379206,-0.636920498747,0.0595031773609,0.925124446714,1
-0.0759770478956,-0.442650512831,0.0780056662952,0.651718806696,1
-0.0848300581522,-0.248696633438,0.0910400424291,0.384583093856,1
-0.089803990821,-0.0549771675004,0.0987317043063,0.121936079733,1
-0.090903534171,0.138601815336,0.101170425901,-0.138038310298,0
-0.0881314978643,-0.0578127092702,0.098409659695,0.184770358653,1
-0.0892877520497,0.135773533652,0.102105066868,-0.0753182929193,1
-0.0865722813766,0.329294756356,0.10059870101,-0.334121525732,0
-0.0799863862495,0.132895667376,0.093916270495,-0.0114861611847,1
-0.077328472902,0.326554022717,0.0936865472713,-0.273122735447,1
-0.0707973924476,0.520223011269,0.0882240925624,-0.534848681654,0
-0.0603929322222,0.323978419128,0.0775271189293,-0.215722403083,1
-0.0539133638397,0.517911365206,0.0732126708676,-0.482977894031,1
-0.0435551365356,0.711927776494,0.063553112987,-0.751717597995,0
-0.0293165810057,0.515989674849,0.0485187610271,-0.4397317511,1
-0.0189967875087,0.710392577463,0.0397241260051,-0.716734024003,0
-0.00478893595945,0.514744005375,0.0253894455251,-0.411816864689,1
0.00550594414805,0.709497007595,0.0171531082313,-0.696388521196,0
0.0196958842999,0.514141424573,0.00322533780736,-0.398355488559,0
0.0299787127914,0.318973865503,-0.00474177196382,-0.104657424998,1
0.0363581901015,0.514163447858,-0.00683492046378,-0.39883258273,0
0.0466414590586,0.319139122292,-0.0148115721184,-0.108312378412,1
0.0530242415045,0.514470157246,-0.0169778196866,-0.405631235231,0
0.0633136446494,0.319593030606,-0.0250904443912,-0.118348912923,0
0.0697055052615,0.124839388351,-0.0274574226497,0.166313786069,1
0.0722022930285,0.320343398341,-0.0241311469283,-0.134903159507,0
0.0786091609953,0.125575257454,-0.0268292101185,0.15007012537,1
0.0811206661444,0.321070910736,-0.0238278076111,-0.150954663129,0
0.0875420843591,0.126298116196,-0.0268469008737,0.134116881252,1
0.0900680466831,0.321794127573,-0.0241645632486,-0.166913504193,0
0.0965039292345,0.127026260008,-0.0275028333325,0.118049313562,1
0.0990444544347,0.32253125152,-0.0251418470612,-0.183182083535,0
0.105495079465,0.127777902124,-0.0288054887319,0.101464691577,1
0.108050637508,0.323300580785,-0.0267761949004,-0.200165300275,0
0.114516649123,0.128571622537,-0.0307795009059,0.0839521723709,1
0.117088081574,0.324120955229,-0.0291004574585,-0.218280637835,0
0.123570500679,0.129426819612,-0.0334660702152,0.0650825917022,1
0.126159037071,0.325012204545,-0.0321644183811,-0.237968400719,0
0.132659281162,0.130364172902,-0.0369237863955,0.0443979213732,0
0.13526656462,-0.0642093878076,-0.036035827968,0.32520620213,1
0.133982376864,0.131406626249,-0.0295317039254,0.0213804372488,0
0.136610509389,-0.0632796364366,-0.0291040951805,0.304601438967,1
0.13534491666,0.132244725321,-0.0230120664011,0.00288370544698,0
0.137989811166,-0.0625397697101,-0.0229543922922,0.288218139135,1
0.136739015772,0.132901871592,-0.0171900295095,-0.01161509066,1
0.139397053204,0.328266078467,-0.0174223313227,-0.309671724648,0
0.145962374773,0.133396636133,-0.0236157658157,-0.0225338289655,0
0.148630307496,-0.0613788212042,-0.024066442395,0.262605500672,1
0.147402731072,0.134078243861,-0.0188143323815,-0.0375700464716,0
0.150084295949,-0.0607689257536,-0.019565733311,0.249117893214,1
0.148868917434,0.134626898007,-0.0145833754467,-0.0496717020345,0
0.151561455394,-0.0602829381329,-0.0155768094874,0.238374603004,1
0.150355796631,0.135058039918,-0.0108093174273,-0.059180713875,1
0.15305695743,0.330333294144,-0.0119929317048,-0.355254360652,0
0.159663623313,0.135383897583,-0.0190980189178,-0.0663771326973,0
0.162371301264,-0.0594591094635,-0.0204255615718,0.220219603795,1
0.161182119075,0.135948761983,-0.0160211694959,-0.0788357594073,0
0.163901094315,-0.0589398987247,-0.017597884684,0.20874969242,1
0.16272229634,0.13642920511,-0.0134228908356,-0.089432098324,0
0.165450880442,-0.0584978004106,-0.0152115328021,0.198985858367,1
0.164280924434,0.136838378218,-0.0112318156348,-0.0984565291692,0
0.167017691999,-0.0581208125499,-0.0132009462181,0.190661726695,1
0.165855275748,0.137187479151,-0.00938771168425,-0.106156150148,0
0.168599025331,-0.0577986923379,-0.0115108346872,0.183550272513,1
0.167443051484,0.137486054957,-0.00783982923693,-0.112741552987,0
0.170192772583,-0.0575226864706,-0.0100946602967,0.177457683661,1
0.169042318854,0.137742261085,-0.00654550662345,-0.118392594081,0
0.171797164075,-0.0572852987973,-0.00891335850507,0.172218113788,1
0.170651458099,0.137963083345,-0.0054689962293,-0.12326331814,0
0.173410719766,-0.0570800902431,-0.0079342625921,0.167689190083,1
0.172269117961,0.138154528186,-0.00458047879043,-0.127486168452,0
0.175032208525,-0.0569015063687,-0.00713020215948,0.163748158008,1
0.173894178398,0.138321786182,-0.00385523899932,-0.13117559869,0
0.176660614121,-0.056744728396,-0.00647875097313,0.160288561286,1
0.175525719553,0.13846937305,-0.00327297974741,-0.134431184897,0
0.178295107014,-0.0566055439851,-0.00596160344536,0.15721736904,1
0.177162996135,0.138601251929,-0.00281725606456,-0.137340322536,0
0.179935021173,-0.0564802344796,-0.00556406251529,0.154452473629,1
0.178805416484,0.138720940216,-0.00247501304271,-0.13998058197,0
0.181579835288,-0.0563654757117,-0.00527462468212,0.151920492551,1
0.180452525774,0.138831603809,-0.0022362148311,-0.142421786174,0
0.18322915785,-0.0562582497939,-0.00508465055458,0.149554815934,1
0.182103992854,0.138936141294,-0.0020935542359,-0.144727866659,0
0.18488271568,-0.0561557655971,-0.00498811156907,0.147293847871,1
0.183759600368,0.139037260314,-0.00204223461164,-0.146958547237,0
0.186540345574,-0.0560553858463,-0.00498140555639,0.145079395187,1
0.185419237857,0.139137548139,-0.00207981765264,-0.149170900278,0
0.18820198882,-0.0559545589401,-0.00506323565821,0.142855161468,1
0.187082897641,0.139239538292,-0.00220613242885,-0.151420816262,0
0.189867688407,-0.055850753736,-0.00523454875408,0.140565307241,1
0.188750673333,0.139345774949,-0.00242324260927,-0.153764424739,0
0.191537588832,-0.0557413956361,-0.00549853110405,0.138153039329,1
0.190422760919,0.139458876766,-0.00273547031746,-0.156259503043,0
0.193211938454,-0.0556238023525,-0.00586066037833,0.135559193542,1
0.192099462407,0.13958160173,-0.00314947650749,-0.158966908295,0
0.194891094442,-0.0554951177478,-0.00632881467338,0.132720775107,1
0.193781192087,0.139716914637,-0.00367439917123,-0.16195206833,0
0.196575530379,-0.0553522421123,-0.00691344053783,0.129569420618,1
0.195468485537,0.139868058848,-0.00432205212547,-0.165286568164,0
0.198265846714,-0.0551917571742,-0.00762778348876,0.126029743696,1
0.197162011571,0.140038634042,-0.00510718861483,-0.16904987044,0
0.199962784252,-0.0550098440297,-0.00848818602363,0.122017524109,1
0.198862587371,0.140232681787,-0.00604783554144,-0.173331211088,0
0.201667241007,-0.0548021920334,-0.0095144597632,0.117437696607,1
0.200571197166,0.140454780911,-0.00716570583106,-0.178231715157,0
0.203380292784,-0.0545638964975,-0.0107303401342,0.112182091235,1
0.202289014854,0.140710154847,-0.00848669830952,-0.183866782485,0
0.205103217951,-0.0542893428188,-0.0121640339592,0.106126871235,1
0.204017431095,0.141004793314,-0.0100414965345,-0.190368798688,0
0.206837526961,-0.0539720743795,-0.0138488725083,0.0991296077271,1
0.205758085474,0.141345590963,-0.0118662803537,-0.197890233938,0
0.208584997293,-0.0536046412598,-0.0158240850325,0.0910259220822,0
0.207512904468,-0.248496247216,-0.0140035665908,0.378674644047,1
0.202542979523,-0.0531782519963,-0.00643007370991,0.0816094631043,1
0.201479414483,0.142035280996,-0.00479788444782,-0.213095211596,0
0.204320120103,-0.0530177466122,-0.00905978867975,0.0780703896601,1
0.203259765171,0.142232901642,-0.00749838088655,-0.217457104642,0
0.206104423204,-0.0527810594944,-0.0118475229794,0.0728511101798,0
0.205048802014,-0.247731174993,-0.0103905007758,0.361772670442,1
0.200094178514,-0.0524630887257,-0.00315504736695,0.065831599862,1
0.19904491674,0.142703954698,-0.0018384153697,-0.227845090594,0
0.201898995834,-0.0523916758779,-0.00639531718159,0.064257366921,0
0.200851162316,-0.247421353498,-0.00511016984317,0.354915690389,1
0.195902735246,-0.0522271172085,0.00198814396462,0.0606257755048,1
0.194858192902,0.142866271896,0.00320065947471,-0.23142921585,0
0.19771551834,-0.0523012676139,-0.00142792484229,0.0622615861906,0
0.196669492988,-0.247402716622,-0.000182693118474,0.354493651587,1
0.191721438655,-0.0522781681907,0.00690717991327,0.0617531220484,1
0.190675875291,0.142744072014,0.00814224235424,-0.228742565283,0
0.193530756732,-0.0524932830201,0.00356739104859,0.0664975525164,1
0.192480891071,0.142577340768,0.00489734209891,-0.225057710532,0
0.195332437887,-0.0526142598334,0.000396187888283,0.0691659920985,1
0.19428015269,0.142502009081,0.00177950773025,-0.223391909067,0
0.197130192871,-0.0526453309746,-0.00268833045108,0.0698518125409,1
0.196077286252,0.142515058652,-0.00129129420026,-0.223678082264,0
0.198927587425,-0.052588412766,-0.00576485584554,0.0685972404805,0
0.19787581917,-0.247627241538,-0.00439291103593,0.359455764045,1
0.192923274339,-0.0524431197145,0.00279620424496,0.0653908945629,1
0.191874411945,0.142638630111,0.00410402213622,-0.226408503227,0
0.194727184547,-0.0525417323452,-0.000424147928319,0.0675661540153,1
0.1936763499,0.142586297318,0.000927175151988,-0.225250563639,0
0.196528075846,-0.0525488927727,-0.00357783612079,0.0677246851414,0
0.195477097991,-0.247619366322,-0.00222334241796,0.359276641082,1
0.190524710664,-0.0524658797991,0.00496219040368,0.0658934726847,1
0.189475393068,0.142584577116,0.00628005985737,-0.225219732609,0
0.192327084611,-0.0526265628756,0.0017756652052,0.0694375286374,1
0.191274553353,0.142469886103,0.00316441577795,-0.222684638182,0
0.194123951075,-0.0526971510782,-0.00128927698568,0.0709947885442,1
0.193070008054,0.142443260165,0.000130618785199,-0.222094632373,0
0.195918873257,-0.0526805577893,-0.00431127386226,0.0706294939848,0
0.194865262101,-0.247740435495,-0.00289868398257,0.361949080763,1
0.189910453391,-0.0525774036112,0.0043402976327,0.0683535509129,1
0.188858905319,0.142482053085,0.00570736865096,-0.222956834714,0
0.191708546381,-0.0527210063296,0.00124823195667,0.0715209427781,1
0.190654126254,0.142383027422,0.00267865081223,-0.220767899758,0
0.193501786803,-0.0527771095563,-0.00173670718293,0.0727587778767,1
0.192446244612,0.142369696498,-0.000281531625392,-0.220471581416,0
0.195293638542,-0.0527482293651,-0.00469096325372,0.0721225254834,0
0.194238673954,-0.247802616038,-0.00324851274405,0.363321748212,1
0.189282621633,-0.0526346457728,0.00401792222018,0.0696162764267,1
0.188229928718,0.142429471762,0.00541024774872,-0.221796272133,0
0.191078518153,-0.0527693910905,0.000974322306067,0.0725883420183,1
0.190023130331,0.142338578386,0.00242608914643,-0.219787022572,0
0.192869901899,-0.0528179679794,-0.001969651305,0.0736602049814,1
0.19181354254,0.142332165026,-0.000496447205372,-0.219643503819,0
0.19466018584,-0.0527826862626,-0.00488931728175,0.072882781576,0
0.193604532115,-0.247834202796,-0.00343166165023,0.364019105737,1
0.188647848059,-0.052663648724,0.00384872046452,0.0702560918733,1
0.187594575084,0.142402913868,0.00525384230198,-0.221210063905,0
0.190442633362,-0.0527937386935,0.000829641023882,0.0731254964882,1
0.189386758588,0.142316308767,0.00229215095365,-0.219295559548,0
0.192233084763,-0.0528383325702,-0.00209376023731,0.0741095252478,1
0.191176318112,0.14231357233,-0.000611569732355,-0.219233255528,0
0.194022589558,-0.0527996314241,-0.00499623484291,0.0732566938813,0
0.19296659693,-0.247849600417,-0.00353110096529,0.364359108764,1
0.188009604922,-0.0526776438713,0.00375608120999,0.0705648575694,1
0.186956052044,0.142390257032,0.00516737836138,-0.220930644474,0
0.189803857185,-0.0528051731997,0.000748765471901,0.0733777943077,1
0.188747753721,0.14230603556,0.00221632135806,-0.219068799762,0
0.191593874432,-0.0528475269352,-0.00216505463719,0.0743124229695,1
0.190536923893,0.14230539564,-0.000678806177802,-0.219052800381,0
0.193383031806,-0.0528068457075,-0.00505986218542,0.0734159252121,0
0.192326894892,-0.247855893555,-0.00359154368118,0.364498158593,1
0.187369777021,-0.0526830845276,0.00369841949068,0.0706849216545,1
0.18631611533,0.142385649222,0.00511211792377,-0.220828844963,0
0.189163828315,-0.0528089995068,0.000695541024512,0.0734622583855,1
0.188107648325,0.142302973395,0.00216478619222,-0.21900114113,0
0.190953707793,-0.0528498557175,-0.00221523663037,0.0743638632746,0
0.189896710678,-0.247939979207,-0.00072795936488,0.366347051452,1
0.184937911094,-0.0528076908711,0.00659898166415,0.0734346764679,1
0.183881757277,0.142219037348,0.00806767519351,-0.217158959799,0
0.186726138024,-0.053017310156,0.00372449599753,0.0780579017192,1
0.185665791821,0.142051050978,0.00528565403192,-0.21344761122,0
0.18850681284,-0.0531460688756,0.00101670180751,0.0808979535361,1
0.187443891463,0.141961293097,0.00263466087824,-0.211464027883,0
-0.0171014483182,-0.0380587399304,0.0366290948924,0.0413236908461,0
-0.0178626231168,-0.233686278563,0.0374555687093,0.345334713042,0
-0.022536348688,-0.429320465372,0.0443622629701,0.64958953561,1
-0.0311227579955,-0.234843629142,0.0573540536823,0.371199511285,1
-0.0358196305783,-0.0405814171018,0.064778043908,0.0971381778915,0
-0.0366312589203,-0.236569095991,0.0667208074659,0.409534538455,1
-0.0413626408402,-0.0424534081028,0.074911498235,0.138610236622,1
-0.0422117090022,0.151520120732,0.0776837029674,-0.129530655186,0
-0.0391813065876,-0.0446237446488,0.0750930898637,0.186613873009,1
-0.0400737814806,0.149347970795,0.0788253673239,-0.0814671094288,1
-0.0370868220647,0.34325666112,0.0771960251353,-0.348276316515,0
-0.0302216888423,0.14712647621,0.070230498805,-0.032284095332,1
-0.0272791593181,0.341174682048,0.0695848168983,-0.302008070514,1
-0.0204556656771,0.535239444922,0.0635446554881,-0.57195931571,0
-0.00975087677867,0.339286706657,0.0521054691739,-0.259953881822,1
-0.00296514264553,0.533627602389,0.0469063915374,-0.535757514144,0
0.00770740940225,0.337878552512,0.0361912412546,-0.228671474129,1
0.0144649804525,0.532465126445,0.031617811772,-0.509722300595,0
0.0251142829814,0.336912344301,0.0214233657601,-0.207245645749,1
0.0318525298674,0.531721503567,0.0172784528451,-0.493094342164,0
0.0424869599388,0.336360169008,0.00741656600182,-0.19501646996,1
0.0492141633189,0.531375250018,0.00351623660262,-0.485350595928,0
0.0598416683193,0.336203855901,-0.00619077531593,-0.191561543132,1
0.0665657454373,0.531413820572,-0.0100220061786,-0.486190955305,0
0.0771940218487,0.336434711679,-0.0197458252847,-0.1966834002,0
0.0839227160823,0.141600683428,-0.0236794932887,0.0897057746378,1
0.0867547297509,0.337053902825,-0.0218853777959,-0.210352983082,0
0.0934958078074,0.142251601103,-0.0260924374575,0.0753467065412,1
0.0963408398294,0.337737705662,-0.0245855033267,-0.225452944713,0
0.103095593943,0.142975597588,-0.029094562221,0.0593745194906,1
0.105955105894,0.338502364695,-0.0279070718312,-0.242344100371,0
0.112725153188,0.143789928086,-0.0327539538386,0.0414072155235,0
0.11560095175,-0.0508474007755,-0.0319258095281,0.323578673782,1
0.114584003735,0.144714261572,-0.0254542360525,0.0210010697116,1
0.117478288966,0.340191829848,-0.0250342146582,-0.279603035041,0
0.124282125563,0.145435775786,-0.0306262753591,0.00508021851924,0
0.127190841079,-0.0492338688354,-0.0305246709887,0.287945033201,1
0.126206163702,0.146309782713,-0.0247657703247,-0.0142066652719,0
0.129132359356,-0.0484484024826,-0.0250499036301,0.270560634676,1
0.128163391307,0.147021888892,-0.0196386909366,-0.029916715804,0
0.131103829084,-0.0478130067154,-0.0202370252527,0.256505867736,1
0.13014756895,0.14759194016,-0.0151069078979,-0.0424908147609,0
0.133099407753,-0.0473101610544,-0.0159567241932,0.245387715485,1
0.132153204532,0.148036017646,-0.0110489698835,-0.0522853273423,1
0.135113924885,0.343314640612,-0.0120946764303,-0.348433713353,0
0.141980217697,0.148366781842,-0.0190633506974,-0.0595890610211,0
0.144947553334,-0.0464767248293,-0.0202551319178,0.227018808691,1
0.144018018838,0.148928751581,-0.015714755744,-0.0719838827699,0
0.146996593869,-0.0459644222009,-0.0171544333994,0.215699833444,1
0.146077305425,0.149398515608,-0.0128404367305,-0.0823446126317,0
0.149065275737,-0.0455370385353,-0.0144873289831,0.206259628987,1
0.148154534967,0.149789052365,-0.0103621364034,-0.0909578869574,0
0.151150316014,-0.0451828531622,-0.0121812941425,0.198437856724,1
0.150246658951,0.150111190128,-0.00821253700805,-0.0980626865186,0
0.153248882753,-0.0448921013043,-0.0101737907384,0.192017927837,1
0.152351040727,0.150373902116,-0.00633343218168,-0.103856961897,0
0.15535851877,-0.0446567150768,-0.00841057141963,0.186821079944,1
0.154465384468,0.150584553442,-0.00467414982074,-0.108503143549,0
0.157477075537,-0.0444701064774,-0.00684421269173,0.182701455173,1
0.156587673407,0.150749105704,-0.00319018358826,-0.112132687421,1
0.159602655521,0.345916624044,-0.00543283733667,-0.405820387611,0
0.166520988002,0.150872134452,-0.0135492450889,-0.114855217192,0
0.169538430691,-0.0440530806815,-0.0158463494327,0.173522411168,1
0.168657369078,0.151292037953,-0.0123759012094,-0.124117109949,0
0.171683209837,-0.0436504442337,-0.0148582434083,0.164635798071,1
0.170810200952,0.151681016589,-0.0115655274469,-0.132697214477,0
0.173843821284,-0.0432733734976,-0.0142194717365,0.156314623572,1
0.172978353814,0.152049249779,-0.011093179265,-0.14082007595,0
0.176019338809,-0.0429120812625,-0.013909580784,0.148342599228,1
0.175161097184,0.152406264452,-0.0109427287995,-0.148695862562,0
0.178209222473,-0.0425572924478,-0.0139166460507,0.140514865714,1
0.177358076624,0.15276118229,-0.0111063487364,-0.15652583778,0
0.18041330027,-0.0422000066155,-0.014236865492,0.132632709873,1
0.179569300138,0.15312295356,-0.0115842112946,-0.164507535687,0
0.182631759209,-0.0418312696429,-0.0148743620083,0.12449849613,1
0.181795133816,0.153500583362,-0.0123843920857,-0.172839772765,0
0.184865145483,-0.0414419490283,-0.015841187541,0.11591068369,1
0.184036306503,0.153903355795,-0.0135229738672,-0.181727623231,0
0.187114373619,-0.0410225074189,-0.0171575263318,0.106658804164,0
0.18629392347,-0.235894436167,-0.0150243502485,0.393879608185,1
0.181576034747,-0.0405625461966,-0.00714675808484,0.0964978491765,1
0.180764783823,0.154661101984,-0.00521680110131,-0.198431273662,0
0.183858005863,-0.0403858460296,-0.00918542657456,0.0926014346459,1
0.183050288942,0.154866548027,-0.00733339788164,-0.202965278579,0
0.186147619903,-0.0401497626525,-0.0113927034532,0.0873953220266,0
0.18534462465,-0.235106573418,-0.00964479701268,0.376462177898,1
0.180642493181,-0.0398489727892,-0.00211555345472,0.080753872944,1
0.179845513725,0.155303241104,-0.000500475995842,-0.212595765086,0
0.182951578548,-0.0398115510504,-0.00475239129756,0.0799292465561,1
0.182155347527,0.155378203204,-0.00315380636644,-0.214249276311,0
0.185262911591,-0.039698517379,-0.00743879189266,0.0774371317831,0
0.184468941243,-0.234713043302,-0.005890049257,0.36776384262,1
0.179774680377,-0.0395078948262,0.0014652275954,0.0732295345655,1
0.178984522481,0.155593019933,0.00292981828671,-0.218990746669,0
0.182096382879,-0.0395706892709,-0.00144999664667,0.0746149260418,1
0.181304969094,0.155572019097,4.23018741664e-05,-0.21852512766,0
0.184416409476,-0.0395505367973,-0.00432820067904,0.07417114267,1
0.18362539874,0.155633195606,-0.00284477782564,-0.219874200636,0
0.186738062652,-0.0394479762143,-0.00724226183836,0.0719100094834,0
0.185949103128,-0.234465354538,-0.00580406164869,0.362299199087,1
0.181259796037,-0.0392613908649,0.00144192233305,0.0677918009153,1
0.18047456822,0.155839857891,0.00279775835136,-0.224435842967,0
0.183591365377,-0.0393219678019,-0.00169095850798,0.0691282897401,1
0.182804926021,0.155824185479,-0.000308392713182,-0.224087663254,0
0.185921409731,-0.0392933566885,-0.00479014597826,0.0684979686235,0
0.185135542597,-0.234346305703,-0.00342018660579,0.35966573793,1
0.180448616483,-0.0391759030776,0.0037731281528,0.0659063133681,1
0.179665098421,0.155891749265,0.00509125442017,-0.225583785294,0
0.182782933407,-0.0393025937555,0.000579578714281,0.0687007568729,1
0.181996881532,0.155811043332,0.00195359385174,-0.22379925347,0
0.185113102398,-0.0393387752525,-0.00252239121767,0.0694992720376,1
0.184326326893,0.155819247854,-0.00113240577692,-0.223978413591,0
0.18744271185,-0.0392865001399,-0.00561197404873,0.0683470935284,0
0.186656981848,-0.234327545245,-0.00424503217816,0.359254142485,1
0.181970430943,-0.0391455066554,0.00294005067154,0.0652356868129,1
0.18118752081,0.155934169001,0.0042447644078,-0.226518188334,0
0.18430620419,-0.0392481878073,-0.000285599358877,0.0675006662704,1
0.183521240433,0.155877856891,0.00106441396653,-0.22527235505,0
0.186638797571,-0.0392592906953,-0.00344103313447,0.0677461381616,0
0.185853611757,-0.234331739252,-0.00208611037124,0.359341416907,1
0.181166976972,-0.0391801951871,0.00510071796689,0.066001421758,1
0.180383373069,0.155868255907,0.00642074640205,-0.225067844333,0
0.183500738187,-0.0393448695109,0.0019193895154,0.0696334943967,1
0.182713840796,0.155749511411,0.00331205940333,-0.222443237761,0
0.185828831025,-0.0394196226988,-0.00113680535189,0.0712826013736,1
0.185040438571,0.155718607871,0.000288846675581,-0.221758776046,0
0.188154810728,-0.0394074707828,-0.00414632884534,0.0710152506463,1
0.187366661312,0.155773678251,-0.00272602383242,-0.222972973423,0
0.190482134877,-0.03930920414,-0.00718548330088,0.0688488128737,0
0.189695950795,-0.234327405045,-0.0058085070434,0.359256048589,1
0.185009402694,-0.0391233664865,0.00137661392837,0.0647472387244,1
0.184226935364,0.155978820676,0.00267155870286,-0.227501040354,0
0.187346511778,-0.0391812076043,-0.00187846210423,0.0660233947158,1
0.186562887625,0.155967625073,-0.00055799420991,-0.22725160538,0
0.189682240127,-0.0391463473633,-0.0051030263175,0.065255257423,0
0.18889931318,-0.23419476454,-0.00379792116904,0.356323790547,1
0.184215417889,-0.0390190225371,0.00332855464189,0.0624457028414,1
0.183435037438,0.156055047212,0.00457746869872,-0.229185187566,0
0.186556138382,-0.0391320168691,-6.23505259593e-06,0.0649381123102,1
0.185773498045,0.155990023744,0.00129252719361,-0.227746781709,0
0.18889329852,-0.0391503749258,-0.00326240844058,0.0653435746796,1
0.188110291021,0.15601819809,-0.00195553694698,-0.228366873297,0
0.191230654983,-0.0390757528456,-0.00652287441292,0.0636985660638,0
0.190449139926,-0.234103577811,-0.00524890309164,0.354316368539,1
0.18576706837,-0.0389073873927,0.00183742427913,0.0599829458645,1
0.184988920622,0.156188170788,0.00303708319643,-0.232119694971,0
0.188112684038,-0.0389770450163,-0.001605310703,0.0615196796881,1
0.187333143138,0.156167885944,-0.00037491710924,-0.231669300727,0
0.190456500856,-0.0389487060405,-0.00500830312378,0.0608953410528,0
0.189677526736,-0.233998492203,-0.00379039630272,0.351993916001,1
0.184997556892,-0.0388228450251,0.0032494820173,0.0581181744692,1
0.184221099991,0.156252364185,0.00441184550668,-0.233537748446,0
0.187346147275,-0.038932345798,-0.000258909462245,0.0605335455414,1
0.186567500359,0.156193316679,0.000951761448583,-0.232231057745,0
0.189691366692,-0.0389422211723,-0.00369285970633,0.060751934283,0
0.188912522269,-0.234011030511,-0.00247782102067,0.35226745486,1
0.184232301659,-0.0388539315078,0.00456752807654,0.0588042263607,1
0.183455223029,0.156202233242,0.00574361260376,-0.232434120191,0
0.186579267693,-0.0390013140601,0.00109493019993,0.0620549839056,1
0.185799241412,0.156104921269,0.00233602987804,-0.230282284243,0
0.188921339838,-0.0390503331333,-0.00226961580682,0.0631365907935,1
0.188140333175,0.156104085204,-0.00100688399095,-0.230261549234,0
0.191262414879,-0.0390034634456,-0.00561211497562,0.0621036015448,0
0.19048234561,-0.234044502049,-0.00437004294473,0.353010599085,1
0.185801455569,-0.0388606828522,0.00269016903697,0.0589528773584,1
0.185024241912,0.15622259341,0.00386922658414,-0.232880069429,0
0.18814869378,-0.0389544291028,-0.000788374804437,0.0610208226374,1
0.187369605198,0.156178816822,0.00043204164831,-0.231910737457,0
0.190493181535,-0.0389493051714,-0.00420617310083,0.060908438457,0
0.189714195431,-0.234010697137,-0.00298800433169,0.35226132691,1
0.185033981489,-0.0388463830464,0.00405722220652,0.0586376906521,1
0.184257053828,0.156217160971,0.00522997601956,-0.232762397108,0
0.187381397047,-0.0389791272861,0.000574728077394,0.0615656368755,1
0.186601814501,0.156134578903,0.0018060408149,-0.230935904026,0
0.189724506079,-0.0390131329837,-0.00281267726563,0.0623161621176,1
0.18894424342,0.156149032303,-0.00156635402327,-0.23125285387,0
0.192067224066,-0.0389505018421,-0.00619141110068,0.0609355804501,0
0.191288214029,-0.233983136825,-0.00497269949168,0.351658662485,1
0.186608551292,-0.0387908241025,0.00206047375801,0.0574118457673,1
0.18583273481,0.156301523012,0.00320871067336,-0.234620274843,0
0.188958765271,-0.038866126148,-0.0014836948235,0.0590730511593,1
0.188181442748,0.156277066911,-0.00030223380031,-0.234077622364,0
0.191306984086,-0.0388405646854,-0.00498378624759,0.0585099549278,0
0.190530172792,-0.23389070446,-0.00381358714904,0.349616303996,1
0.185852358703,-0.0387147238167,0.00317873893088,0.0557332700233,1
0.185078064227,0.156361505347,0.00429340433135,-0.235945047708,0
0.188205294334,-0.0388215223764,-0.000425496622807,0.0580890524728,1
0.187428863886,0.156306527101,0.000736284426649,-0.234728091251,0
0.190554994428,-0.0388259361928,-0.00395827739837,0.0581869919534,0
0.189778475704,-0.233890909961,-0.0027945375593,0.34961842989,1
0.185100657505,-0.0387293259646,0.0041978310385,0.0560556039984,1
0.184326070986,0.15633218428,0.00531894311847,-0.235299924673,0
0.187452714671,-0.0388653555524,0.000612944625014,0.0590560052161,1
0.18667540756,0.156247801868,0.00179406472934,-0.233433470228,0
0.189800363598,-0.0388997374738,-0.00287460467523,0.0598148224462,0
0.189022368848,-0.233980354964,-0.0016783082263,0.351589407057,1
0.184342761749,-0.0388345770178,0.00535347991484,0.0583777300035,1
0.183566070208,0.156210207716,0.00652103451491,-0.23261133908,0
0.186690274363,-0.0390043103959,0.00186880773332,0.0621213827094,1
0.185910188155,0.156090796629,0.00311123538751,-0.229971337655,0
