0.045183222462,-0.0197382646095,-0.0192477339915,-0.0267492819133,0
0.0447884571698,-0.214578975685,-0.0197827196298,0.259799164233,0
0.0404968776561,-0.409413011864,-0.0145867363451,0.546177293049,0
0.0323086174189,-0.604327008341,-0.00366319048413,0.8342288356,0
0.020222077252,-0.799398720151,0.0130213862279,1.12575746448,1
0.00423410284902,-0.604449812629,0.0355365355174,0.837187073352,1
-0.00785489340356,-0.409830759925,0.0522802769845,0.555888347824,1
-0.0160515086021,-0.215480298096,0.063398043941,0.280124367936,0
-0.020361114564,-0.411446629731,0.0690005312997,0.592109867275,1
-0.0285900471586,-0.217355035416,0.0808427286452,0.321935326823,1
-0.0329371478669,-0.0234717920442,0.0872814351816,0.055802175505,1
-0.0334065837078,0.170297291616,0.0883974786917,-0.208116872316,0
-0.0300006378755,-0.0259701576589,0.0842351412454,0.111089833514,1
-0.0305200410287,0.167850066592,0.0864569379157,-0.15387381064,1
-0.0271630396968,0.361634538943,0.0833794617029,-0.41807813486,0
-0.019930348918,0.165436114251,0.0750178990057,-0.100317735672,1
-0.0166216266329,0.359407242684,0.0730115442922,-0.368421524421,0
-0.00943348177927,0.163327921105,0.0656431138038,-0.0536397935605,1
-0.00616692335717,0.357450222463,0.0645703179326,-0.324910894982,1
0.000982081092093,0.551596211905,0.058072100033,-0.59655251191,0
0.0120140053302,0.355711725853,0.0461410497948,-0.286157486819,1
0.0191282398473,0.550146302985,0.0404179000584,-0.563938289017,0
0.030131165907,0.354481243581,0.029139134278,-0.258800769522,1
0.0372207907786,0.549175344667,0.0239631188876,-0.542152252254,0
0.0482042976719,0.35372494046,0.0131200738425,-0.242016334471,1
0.0552787964811,0.54865704682,0.00827974715311,-0.530532137151,0
0.0662519374175,0.353419610244,-0.00233089558992,-0.235251802641,1
0.0733203296224,0.548574786361,-0.00703593164274,-0.52866905428,0
0.0842918253496,0.353552525278,-0.0176093127283,-0.238211450298,0
0.0913628758552,0.158686511284,-0.0223735417343,0.0488653822861,1
0.0945366060809,0.354122015535,-0.0213962340886,-0.250791777003,0
0.101619046392,0.159312035803,-0.0264120696286,0.035066294442,1
0.104805287108,0.354802590691,-0.0257107437398,-0.265831509233,0
0.111901338921,0.160056851882,-0.0310273739245,0.0186324270253,0
0.115102475959,-0.034606709471,-0.0306547253839,0.301366644299,1
0.11441034177,0.160938442853,-0.024627392498,-0.000824355661776,1
0.117629110627,0.356404771331,-0.0246438796112,-0.301174660403,0
0.124757206053,0.161642578831,-0.0306673728192,-0.0163646467687,0
0.12799005763,-0.0330264489239,-0.0309946657546,0.266486798344,1
0.127329528652,0.162523838077,-0.0256649297877,-0.0358087218633,0
0.130580005413,-0.0322208502071,-0.026381104225,0.24866744773,1
0.129935588409,0.163267725049,-0.0214077552704,-0.0522185265313,0
0.13320094291,-0.031540826745,-0.022452125801,0.233633944998,1
0.132570126375,0.163894609594,-0.0177794469011,-0.0660456940761,0
0.135848018567,-0.0309679810503,-0.0191003607826,0.220975112781,1
0.135228658946,0.164421705628,-0.014680858527,-0.0776711213903,0
0.138517093058,-0.0304867437039,-0.0162342809548,0.210344029694,1
0.137907358184,0.164863522368,-0.0120274003609,-0.0874154255187,0
0.141204628632,-0.0300839812539,-0.0137757088713,0.201448709126,1
0.140602949007,0.165232251494,-0.00974673468878,-0.0955477718533,0
0.143907594036,-0.029748657654,-0.0116576901258,0.19404420513,1
0.143312620883,0.165538096673,-0.00777680602324,-0.102293304995,0
0.146623382817,-0.0294715447017,-0.00982267212314,0.187925953738,1
0.146033951923,0.165789552043,-0.00606415304839,-0.10783938085,0
0.149349742964,-0.0292449764928,-0.00822094066539,0.182924182759,1
0.148764843434,0.165993635899,-0.00456245701021,-0.112340768981,1
0.152084716152,0.361180665054,-0.00680927238983,-0.406459623163,0
0.159308329453,0.166155929877,-0.0149384648531,-0.1159312129,0
0.16263144805,-0.0287488273484,-0.0172570891111,0.172001557346,1
0.162056471503,0.166615811861,-0.0138170579642,-0.126075099192,0
0.165388787741,-0.0283054993012,-0.016338559948,0.162216872726,1
0.164822677755,0.167046494211,-0.0130942224935,-0.135575329626,0
0.168163607639,-0.0278854775352,-0.015805729086,0.152947969866,1
0.167605898088,0.167459181985,-0.0127467696887,-0.144679110138,0
0.170955081728,-0.0274779245652,-0.0156403518915,0.143955346147,1
0.170405523237,0.16786448325,-0.0127612449685,-0.153620503709,0
0.173762812902,-0.0270724440085,-0.0158336550427,0.135009374292,1
0.173221364021,0.168272682328,-0.0131334675569,-0.16262648561,0
0.176586817668,-0.0266588161664,-0.0163859972691,0.12588441653,1
0.176053641345,0.168694001211,-0.0138683089385,-0.171922738726,0
0.179427521369,-0.0262267406359,-0.017306763713,0.116353105534,1
0.178902986556,0.169138855487,-0.0149797016023,-0.181739336752,0
0.182285763666,-0.0257655798331,-0.0186144883373,0.106180648106,1
0.181770452069,0.169618110884,-0.0164908753752,-0.192316457751,0
0.185162814287,-0.0252640973952,-0.0203372045302,0.095119009442,0
0.184657532339,-0.220088747985,-0.0184348243414,0.381316826551,1
0.180255757379,-0.0247099470914,-0.0108084878104,0.0828788909719,1
0.179761558437,0.17056526,-0.00915090999095,-0.21319444384,0
0.183172863637,-0.0244246721611,-0.0134147988678,0.0765878782785,0
0.182684370194,-0.219351768817,-0.0118830413022,0.365008382232,1
0.178297334818,-0.0240629756446,-0.00458287365755,0.0686023423674,1
0.177816075305,0.171124378768,-0.0032108268102,-0.225522974796,0
0.18123856288,-0.0239515369792,-0.00772128630612,0.0661454090287,0
0.180759532141,-0.218961940334,-0.00639837812554,0.35638225885,1
0.176380293334,-0.023749607095,0.000729267051446,0.0616886425214,1
0.175905301192,0.171361880486,0.00196303990187,-0.230764106532,0
0.179332538802,-0.0237880665141,-0.00265224222876,0.062537383318,1
0.178856777472,0.171371810991,-0.0014014945624,-0.230981161619,0
0.182284213691,-0.0237300856804,-0.00602111779479,0.0612593567097,0
0.181809611978,-0.218765192023,-0.00479593066059,0.352036515223,1
0.177434308137,-0.0235753695549,0.00224479964386,0.0578451504687,1
0.176962800746,0.171514323456,0.00340170265323,-0.234128681196,0
0.180393087215,-0.0236560656106,-0.00128087097069,0.0596253072345,1
0.179919965903,0.171484227285,-8.83648260001e-05,-0.233461467956,0
0.183349650449,-0.0236364612414,-0.00475759418512,0.0591935844316,1
0.182876921224,0.171553380278,-0.00357372249648,-0.234986591719,0
0.18630798883,-0.023517329198,-0.00827345433086,0.0565669318109,0
0.185837642246,-0.218519681562,-0.00714211569465,0.34662808165,1
0.181467248614,-0.0232968712725,-0.000209554061639,0.0517015707312,1
0.181001311189,0.171828084085,0.000824477352986,-0.241047464773,0
0.184437872871,-0.023305634898,-0.00399647194247,0.0518954105329,0
0.183971760173,-0.218370054008,-0.00295856373181,0.343314742932,1
0.179604359093,-0.0232061381044,0.00390773112682,0.0497003338243,1
0.17914023633,0.171859562565,0.00490173780331,-0.241747113113,0
0.182577427582,-0.0233320629848,6.67955410491e-05,0.0524779129559,1
0.182110786322,0.171788930405,0.00111635380017,-0.240183938586,0
0.18554656493,-0.0233489503246,-0.00368732497156,0.0528509080643,1
0.185079585924,0.171825677834,-0.00263030681027,-0.240993115011,0
0.18851609948,-0.0232586013891,-0.0074501691105,0.050858982243,0
0.188050927453,-0.21827293703,-0.00643298946564,0.34118203808,1
0.183685468712,-0.0230600515428,0.000390651295956,0.046477482893,1
0.183224267681,0.172056295811,0.00132020095382,-0.246082164327,0
0.186665393597,-0.0230844861173,-0.00360144233272,0.0470168924453,0
0.186203703875,-0.218154610466,-0.00266110448381,0.338561359612,1
0.181840611666,-0.0229948940031,0.00411012270844,0.0450404576367,1
0.181380713786,0.172067879728,0.00501093186117,-0.246342858877,0
0.18482207138,-0.0231252790941,8.40746836225e-05,0.047916411273,1
0.184359565798,0.171995466459,0.00104240290908,-0.244739988065,0
0.187799475127,-0.0231413579036,-0.00385239685222,0.048271555851,0
0.187336647969,-0.218207857593,-0.0028869657352,0.339736532283,1
0.182972490818,-0.0230449473972,0.00390776491046,0.0461446201917,1
0.18251159187,0.172020751485,0.0048306573143,-0.245302814094,0
0.185952006899,-0.0231698604881,-7.53989675714e-05,0.0488998954836,1
0.18548860969,0.171953171806,0.0009025989421,-0.243806819422,0
0.188927673126,-0.0231816600206,-0.00397353744634,0.0491606731408,1
0.188464039925,0.171997042085,-0.00299032398352,-0.244773285698,0
0.191903980767,-0.0230820709215,-0.00788578969748,0.0469649215679,0
0.191442339349,-0.218090062733,-0.00694649126612,0.337149416161,1
0.187080538094,-0.0228699514733,-0.000203502942894,0.0422840623114,1
0.186623139064,0.17225491733,0.000642178303333,-0.250463064698,0
0.190068237411,-0.0228761984732,-0.00436708299062,0.0424223490622,0
0.189610713442,-0.217935255598,-0.00351863600937,0.333724226397,1
0.18525200833,-0.0227634015319,0.00315584851857,0.0399337807312,1
0.184796740299,0.172313153253,0.00395452413319,-0.251751776392,0
0.188243003364,-0.0228650431841,-0.00108051139465,0.042175856146,1
0.1877857025,0.172272385593,-0.000236994271731,-0.25084778644,0
0.191231150212,-0.0228461805294,-0.00525395000052,0.041760378209,0
0.190774226602,-0.217892398791,-0.00441874243634,0.332781013377,1
0.186416378626,-0.0227078334268,0.0022368778312,0.0387079175526,1
0.185962221957,0.172381969642,0.00301103618225,-0.2532684134,0
0.18940986135,-0.0227828460802,-0.00205433208575,0.0403627264112,0
0.188954204428,-0.217875278275,-0.00124707755753,0.332396783986,1
0.184596698863,-0.0227355987884,0.00540085812219,0.0393208516612,1
0.184141986887,0.172308489589,0.00618727515542,-0.251653169377,0
0.187588156679,-0.0229012648648,0.00115421176788,0.0429749047917,1
0.187130131382,0.172204116345,0.00201370986371,-0.249343633898,0
0.190574213709,-0.022946534297,-0.00297316281424,0.0439737788587,1
0.190115283023,0.172217924335,-0.00209368723707,-0.249645723773,0
0.193559641509,-0.0228740651611,-0.00708660171254,0.0423760754794,0
0.193102160206,-0.217893683346,-0.00623908020295,0.33281471392,1
0.188744286539,-0.022683487125,0.000417214075461,0.0381708409724,1
0.188290616797,0.172432478743,0.00118063089491,-0.254380421422,0
0.191739266372,-0.0227063099988,-0.00390697753353,0.0386746630912,0
0.191285140172,-0.217772017844,-0.00313348427171,0.330122343208,1
0.186929699815,-0.0226056015442,0.00346896259245,0.0364529131024,1
0.186477587784,0.172466432808,0.00419802085449,-0.255133504893,0
0.18992691644,-0.0227152051815,-0.000904649243357,0.0388705867821,1
0.189472612336,0.172419707006,-0.000127237507716,-0.254097628569,0
0.192921006476,-0.0227004272248,-0.00520919007909,0.0385451625818,0
0.192466997932,-0.217747292668,-0.00443828682745,0.329579996255,1
0.188112052079,-0.0225624424234,0.00215331309765,0.03550075246,1
0.18766080323,0.172528563689,0.00286332814685,-0.256502004705,0
0.191111374504,-0.0226341507514,-0.00226671194725,0.0370826842283,0
0.190658691489,-0.217723523813,-0.00152505826268,0.329049579305,1
0.186304221013,-0.022579895366,0.00505593332341,0.035886110078,1
0.185852623105,0.172469189137,0.00577365552497,-0.25519733917,0
0.189302006888,-0.0227347199444,0.000669708741582,0.0393010894039,1
0.188847312489,0.172377621281,0.00145573052966,-0.253170462446,0
0.192294864915,-0.0227650859271,-0.00360767871926,0.0399712728375,0
0.191839563196,-0.217835118054,-0.00280825326251,0.331513761609,1
0.187482860835,-0.0226733063045,0.00382202196968,0.0379465729369,1
0.187029394709,0.17239362893,0.00458095342841,-0.253528021063,0
0.190477267288,-0.0227934319743,-0.000489606992841,0.0405962938768,1
0.190021398648,0.172335536715,0.000322318884695,-0.252241068526,0
0.193468109382,-0.0227910155378,-0.00472250248582,0.0405435064002,0
0.193012289072,-0.217844929444,-0.00391163235782,0.331732704121,1
0.188655390483,-0.0226675187403,0.0027230217246,0.0378188108707,1
0.188202040108,0.172415278514,0.00347939794202,-0.254003732731,0
0.191650345678,-0.0227561800676,-0.00160067671261,0.0397746239833,1
0.191195222077,0.172388688104,-0.000805184232942,-0.253412902031,0
0.194642995839,-0.022721756791,-0.00587344227357,0.0390159463013,0
0.194188560703,-0.217758992607,-0.00509312334754,0.329839971742,1
0.189833380851,-0.0225649108778,0.0015036760873,0.035555274837,1
0.189382082634,0.172535445035,0.00221478158404,-0.256652847582,0
0.192832791534,-0.0226180569139,-0.0029182753676,0.0367278326367,0
0.192380430396,-0.217698038309,-0.00218371871487,0.328488586966,1
0.18802646963,-0.0225450674469,0.00438605302445,0.0351178158392,1
0.187575568281,0.172513712871,0.00508840934123,-0.25617804486,0
0.191025842538,-0.0226805167355,-3.51515559759e-05,0.0381054949844,1
0.190572232204,0.172441938541,0.000726958343713,-0.254588522307,0
0.194021070974,-0.0226903848067,-0.00436481210244,0.0383236111079,0
0.193567263278,-0.217749473368,-0.00359833988028,0.329626206133,1
0.189212273811,-0.0225764834793,0.00299418424237,0.0358107069876,1
0.188760744141,0.172502402791,0.00371039838213,-0.255926021884,0
0.192210792197,-0.0226723267795,-0.00140812205556,0.0379249118585,1
0.191757345661,0.172469788656,-0.000649623818389,-0.255201958846,0
0.195206741435,-0.0226428812614,-0.00575366299531,0.0372759948867,0
0.194753883809,-0.217681853718,-0.00500814309758,0.328138043477,1
0.190400246735,-0.0224889639151,0.00155461777197,0.0338799926464,1
0.189950467457,0.172610659086,0.0022322176249,-0.258312030771,0
-0.0361591315143,0.0312126293582,0.034375487206,0.0118309591893,0
-0.0355348789271,-0.164385018192,0.0346121063898,0.315158501022,0
-0.038822579291,-0.359982469082,0.0409152764102,0.618552878501,1
-0.0460222286726,-0.165455194503,0.0532863339802,0.339031905595,1
-0.0493313325627,0.0288696357547,0.0600669720921,0.0636171610028,0
-0.0487539398476,-0.167059792342,0.0613393153122,0.374630343693,1
-0.0520951356944,0.0271396646511,0.068831922186,0.101901446809,1
-0.0515523424014,0.221211104449,0.0708699511222,-0.168295767175,0
-0.0471281203124,0.0251500634956,0.0675040357787,0.1458758871,1
-0.0466251190425,0.219243629506,0.0704215535207,-0.124770262893,1
-0.0422402464524,0.413289740183,0.0679261482629,-0.394431164221,0
-0.0339744516487,0.217272999219,0.0600375249784,-0.0811291681886,1
-0.0296289916643,0.411485216484,0.0584149416147,-0.354282192295,1
-0.0213992873347,0.605730021472,0.0513292977687,-0.627988196822,0
-0.00928468690521,0.409930679208,0.0387695338323,-0.319591814615,1
-0.00108607332106,0.604479651873,0.03237769754,-0.599800596799,0
0.0110035197164,0.40892003903,0.020381685604,-0.297097540199,1
0.019181920497,0.603745601911,0.0144397348,-0.5832833861,0
0.0312568325352,0.408424364957,0.00277406707804,-0.286086939862,0
0.0394253198344,0.213262961159,-0.00294767171919,0.00746961411969,1
0.0436905790576,0.408427061822,-0.0027982794368,-0.286141879304,0
0.051859120294,0.213345130061,-0.00852111702287,0.00565717958539,1
0.0561260228952,0.408588243108,-0.00840797343116,-0.289702035768,0
0.0642977877574,0.213587189074,-0.0142020141465,0.000317291223543,1
0.0685695315389,0.408909908129,-0.0141956683221,-0.296812492619,0
0.0767477297014,0.213993170038,-0.0201319181744,-0.00864023058176,1
0.0810275931022,0.409397968878,-0.0203047227861,-0.307606417677,0
0.0892155524798,0.214571139313,-0.0264568511396,-0.0213955922376,1
0.093506975266,0.410062321521,-0.0268847629844,-0.322307150643,0
0.101708221696,0.215333323162,-0.0333309059972,-0.0382223761283,0
0.10601488816,0.0207047997541,-0.0340953535198,0.243760785136,1
0.106428984155,0.216296742547,-0.0292201378171,-0.0594787067585,0
0.110754919006,0.0216056712774,-0.0304097119522,0.223843738099,1
0.111187032431,0.217148759851,-0.0259328371903,-0.0782743612032,0
0.115530007628,0.0224079824455,-0.0274983244143,0.206115186676,1
0.115978167277,0.217912147269,-0.0233760206808,-0.0951136820956,0
0.120336410223,0.023132900481,-0.0252782943227,0.190103441392,1
0.120799068232,0.218607196298,-0.0214762254949,-0.110445354492,0
0.125171212158,0.0237994687623,-0.0236851325847,0.17538532634,1
0.125647201533,0.219252240312,-0.0201774260579,-0.124674378135,0
0.13003224634,0.0244250815061,-0.0226709136206,0.161575111579,1
0.13052074797,0.219864129304,-0.019439411389,-0.138172803604,0
0.134918030556,0.0250259221086,-0.0222028674611,0.148314461263,1
0.135418548998,0.2204586656,-0.0192365782358,-0.151289507202,0
0.13982772231,0.025617372454,-0.0222623683799,0.135263153807,1
0.140340069759,0.22105100968,-0.0195571053038,-0.164359256112,0
0.144761089953,0.0262144011356,-0.022844290426,0.122090345166,1
0.145285377975,0.221656065116,-0.0204024835227,-0.177711296249,0
0.149718499278,0.0268319387554,-0.0239567094477,0.108466158069,1
0.150255138053,0.222288851325,-0.0217873862863,-0.19167768064,0
0.154700915079,0.0274852484726,-0.0256209398991,0.094053388052,0
0.155250620049,-0.167260290943,-0.023739872138,0.37854409218,1
0.15190541423,0.0281906199156,-0.0161689902944,0.0784714695661,1
0.152469226628,0.223540583954,-0.0145995609031,-0.219268649673,0
0.156940038307,0.0286303368986,-0.0189849338966,0.0687734446101,0
0.157512645045,-0.166214357628,-0.0176094650044,0.355406582132,1
0.154188357893,0.0291534845392,-0.0105013333617,0.0572233392473,1
0.154771427584,0.22442442002,-0.00935686657677,-0.23875424882,0
0.159259915984,0.0294373808532,-0.0141319515532,0.0509626279158,0
0.159848663601,-0.16547911215,-0.0131126989949,0.339153517062,1
0.156539081358,0.0298269443058,-0.00632962865361,0.0423645951031,1
0.157135620244,0.225039085894,-0.00548233675155,-0.252308649933,0
0.161636401962,0.0299958462797,-0.0105285097502,0.038640013901,0
0.162236318888,-0.16497355587,-0.00975570947218,0.327982583397,1
0.15893684777,0.0302859140565,-0.00319605780424,0.0322391830071,1
0.159542566051,0.225453551997,-0.0025512741441,-0.261450418103,0
0.164051637091,0.030368112394,-0.00778028250615,0.0304267151589,1
0.164658999339,0.225600768008,-0.00717174820298,-0.264700784802,0
0.169171014699,0.0305819103204,-0.012465763899,0.0257115029181,0
0.169782652906,-0.164359073723,-0.0119515338407,0.314435419929,1
0.166495471431,0.0309310698586,-0.00566282544209,0.0180074583185,0
0.167114092828,-0.164109214045,-0.00530267627572,0.308898331551,1
0.163831908548,0.0310878886549,0.000875290355296,0.0145478144409,1
0.164453666321,0.226197276179,0.00116624664411,-0.277858819404,0
0.168977611844,0.0310587065565,-0.00439092974397,0.015191712405,1
0.169598785975,0.226243352981,-0.00408709549588,-0.278873364024,0
0.174123653035,0.0311799443566,-0.00966456277636,0.0125177023798,0
0.174747251922,-0.163802080449,-0.00941420872876,0.302135743429,1
0.171471210313,0.0314527717346,-0.00337149386019,0.00649870726036,1
0.172100265748,0.226622912277,-0.00324151971498,-0.287246057001,0
0.176632723993,0.0315473379138,-0.00898644085501,0.00441276210693,0
0.177263670752,-0.163444589529,-0.00889818561287,0.294246865205,1
0.173994778961,0.0318030852072,-0.00301324830876,-0.00122908457595,0
0.174630840665,-0.163275522285,-0.00303783000028,0.290501604565,1
0.171365330219,0.0318896136968,0.00277220209101,-0.00313786925732,1
0.172003122493,0.226971698013,0.00270944470586,-0.294944844941,0
0.176542556454,0.0318112243641,-0.00318945219296,-0.00140863321693,1
0.177178780941,0.226978771409,-0.0032176248573,-0.295096162119,0
0.181718356369,0.0319028397368,-0.00911954809968,-0.00342975941662,0
0.182356413164,-0.163087144628,-0.00918814328801,0.286361944811,1
0.179094670271,0.0321646294479,-0.00346090439179,-0.00920462985266,0
0.17973796286,-0.162907517054,-0.00364499698885,0.282384333632,1
0.176479812519,0.032266234991,0.0020026896838,-0.0114459763702,1
0.177125137219,0.227359407788,0.00177377015639,-0.303496358338,0
0.181672325375,0.0322122224851,-0.00429615701037,-0.0102545527186,0
0.182316569824,-0.162847853326,-0.00450124806474,0.281069794564,1
0.179059612758,0.0323380152141,0.00112014782653,-0.0130294046835,1
0.179706373062,0.227443884161,0.000859559732856,-0.305358701108,0
0.184255250745,0.0323096943461,-0.0052476142893,-0.0124048139853,0
0.184901444632,-0.162736607572,-0.005495710569,0.278617819072,1
0.181646712481,0.032463310999,7.66458124426e-05,-0.0157933678768,1
0.182295978701,0.22758416294,-0.000239221545093,-0.30845211106,0
0.18684766196,0.0324656211196,-0.00640826376629,-0.0158446378372,0
0.187496974382,-0.162563844285,-0.00672515652304,0.274809536851,1
0.184245697496,0.0326534110862,-0.00122896578602,-0.01998690542,1
0.184898765718,0.227792965411,-0.00162870389442,-0.31305733171,0
0.189454625026,0.0326942542883,-0.00788985052862,-0.0208884919091,0
0.190108510112,-0.162313664768,-0.0083076203668,0.269294690338,1
0.186862236817,0.0329258507038,-0.00292172656004,-0.0259968891511,0
0.187520753831,-0.162154078995,-0.00344166434306,0.265762770039,1
0.184277672251,0.0330168240266,0.00187359105773,-0.0280036979574,1
0.184938008731,0.228111856594,0.00131351709858,-0.320094897722,0
0.189500245863,0.0329712235752,-0.00508838085586,-0.0269980267889,0
0.190159670335,-0.162077388176,-0.00562834139163,0.264075125737,1
0.186918122571,0.0331244446123,-0.000346838876891,-0.0303777093547,0
0.187580611464,-0.161992531025,-0.000954393063986,0.26219576587,1
0.184340760843,0.0331430305625,0.00428952225341,-0.0307880347233,1
0.185003621454,0.228203205861,0.00367376155895,-0.32211449017,0
0.189567685572,0.0330291326253,-0.00276852824445,-0.0282752724736,0
0.190228268224,-0.162053006801,-0.00333403369392,0.263532868961,1
0.186987208088,0.0331163743464,0.00193662368531,-0.0301997797568,1
0.187649535575,0.228210499802,0.00133262809017,-0.322271052155,0
0.192213745571,0.0330695971542,-0.00511279295293,-0.0291681655542,0
0.192875137514,-0.161978661582,-0.00569615626402,0.261897243963,1
0.189635564282,0.0332241344896,-0.000458211384753,-0.0325768608519,0
0.190300046972,-0.161891242786,-0.00110974860179,0.259961460195,1
0.187062222116,0.0332465330875,0.0040894806021,-0.0330712893974,1
0.187727152778,0.228309601491,0.00342805481415,-0.324461141406,0
0.192293344808,0.0331390072409,-0.00306116801398,-0.0306991240567,0
0.192956124953,-0.161938911681,-0.00367515049511,0.261016401317,1
0.189717346719,0.0332353089323,0.00154517753122,-0.0328234442942,1
0.190382052898,0.22833506762,0.000888708645336,-0.325018450951,0
0.19494875425,0.0332004738925,-0.00561166037369,-0.032055395641,0
0.195612763728,-0.161840555811,-0.00625276828651,0.258851722947,1
0.192375952612,0.0333700997335,-0.00107573382756,-0.0357968381564,0
0.193043354607,-0.161736408725,-0.00179167059069,0.256546489514,1
0.189808626432,0.033411076736,0.00333925919958,-0.0367010197201,1
0.190476847967,0.228484983676,0.00260523880518,-0.32832850835,0
0.19504654764,0.0333260406031,-0.00396133136181,-0.0348251478456,0
0.195713068452,-0.161738880635,-0.00465783431873,0.2566053099,1
0.19247829084,0.0334492607058,0.000474271879284,-0.0375431244387,0
0.193147276054,-0.161679488402,-0.000276590609489,0.255289402232,1
0.189913686286,0.0334464108529,0.00482919743514,-0.0374807530928,1
0.190582614503,0.22849877917,0.00407958237329,-0.328636115413,0
0.195152590086,0.033318988957,-0.00249313993498,-0.0346694724818,0
0.195818969865,-0.161767121332,-0.00318652938461,0.257225801116,1
0.192583627439,0.0334001783747,0.00195798663771,-0.0364605002067,1
0.193251631006,0.228493997085,0.00122877663358,-0.328525019618,0
0.197821510948,0.0333545743725,-0.00534172375879,-0.03545484629,0
0.198488602435,-0.161690369498,-0.00605082068459,0.255537936148,1
0.195254795045,0.0335174488028,-0.000940061961633,-0.039047361471,0
0.195925144021,-0.161591009343,-0.00172100919105,0.253338818256,1
0.192693323835,0.0335554735647,0.00334576717406,-0.0398864490585,1
0.193364433306,0.228629287356,0.00254803819289,-0.331511878268,0
0.197937019053,0.0334711596098,-0.00408219937248,-0.0380265145277,0
0.198606442245,-0.161592015459,-0.00484272966303,0.253365646845,1
0.195374601936,0.0335987482688,0.00022458327387,-0.0408408224938,1
0.196046576901,0.228717478281,-0.000592233176006,-0.333452882649,0
0.200620926467,0.0336039613125,-0.00726129082899,-0.0409567750656,0
0.201293005693,-0.161413115546,-0.0080804263303,0.24942632761,1
0.198064743382,0.0338232925895,-0.0030918997781,-0.0457943434143,0
0.198741209234,-0.161254186415,-0.00400778664639,0.245911459324,1
0.195516125506,0.0339247758747,0.000910442540089,-0.0480329189579,0
0.196194621023,-0.161210218531,-5.02158390699e-05,0.24493712141,1
0.192970416653,0.0339124498816,0.00484852658912,-0.0477616442974,1
0.19364866565,0.228964542506,0.00389329370318,-0.338910883014,0
0.1982279565,0.0337874090695,-0.0028849239571,-0.0450027762323,0
0.198903704682,-0.161293055248,-0.00378497948175,0.246768536068,1
0.195677843577,0.0338827481431,0.00115039123961,-0.0471058532551,0
0.19635549854,-0.161255679969,0.000208274174505,0.245939810179,1
0.19313038494,0.0338632959651,0.00512707037808,-0.046677414768,1
0.19380765086,0.228911354522,0.00419352208272,-0.337738305125,0
0.19838587795,0.0337299805872,-0.00256124401977,-0.0437359266308,0
0.199060477562,-0.161355149945,-0.00343596255239,0.248137804435,1
0.195833374563,0.0338157026219,0.00152679353631,-0.0456269173031,0
0.196509688615,-0.161328108631,0.000614255190249,0.247537335527,1
0.193283126443,0.0337850646061,0.00556500190079,-0.0449517781005,1
0.193958827735,0.228826776205,0.00466596633878,-0.335873713175,0
0.198535363259,0.0336387336394,-0.00205150792472,-0.0417230473098,0
0.199208137932,-0.161453739442,-0.00288596887092,0.250311903593,1
0.195979063143,0.0337093052149,0.00212026920095,-0.043279917955,1
0.196653249247,0.228800788463,0.00125467084185,-0.335293126369,0
0.201229265016,0.0336610035356,-0.00545119168552,-0.0422148062378,0
0.201902485087,-0.161382356565,-0.00629548781027,0.248743244648,1
0.198674837956,0.0338289326557,-0.00132062291731,-0.0459187477605,0
0.199351416609,-0.16127405674,-0.00223899787252,0.246347218106,1
0.196125935474,0.0338798007301,0.00268794648961,-0.0470410991769,1
0.196803531489,0.228963105719,0.00174712450607,-0.338874744229,0
0.201382793603,0.0338163375535,-0.00503037037851,-0.0456413843929,0
0.202059120354,-0.161233121091,-0.00594319806636,0.245450179188,1
0.198834457932,0.0339732084549,-0.00103419448261,-0.0491014338416,0
0.199513922102,-0.161133898076,-0.00201622315944,0.243255016323,1
0.19629124414,0.034016794212,0.00284887716702,-0.0500631963286,1
0.196971580024,0.2290977797,0.00184761324044,-0.341845918335,0
0.201553535618,0.033949590451,-0.00498930512626,-0.0485809361066,0
0.202232527427,-0.161100464236,-0.00596092384839,0.24252365475,1
0.199010518143,0.0341061237545,-0.00111045075339,-0.0520335263337,0
0.199692640618,-0.160999887319,-0.00215112128006,0.240298837383,1
0.196472642871,0.0341527267736,0.00265485546759,-0.0530618356491,0
0.197155697407,-0.161007190838,0.00159361875461,0.240457535707,1
0.0305142516785,-0.00964758202442,-0.0148504282444,-0.0062169636264,0
0.030321300038,-0.204553443331,-0.0149747675169,0.281743725792,0
0.0262302311714,-0.399458628449,-0.00933989300109,0.569666307283,0
0.0182410586024,-0.594448352162,0.00205343314456,0.859392247083,1
0.00635209155921,-0.399354430705,0.0192412780862,0.567355690791,0
-0.00163499705489,-0.5947409274,0.030588391902,0.866037771227,1
-0.0135298156029,-0.400048330922,0.0479091473266,0.583127073817,1
-0.0215307822213,-0.205629155916,0.0595716888029,0.305912834699,0
-0.0256433653397,-0.401547183469,0.0656899454969,0.616772296233,1
-0.033674309009,-0.207401464621,0.0780253914216,0.345480778005,1
-0.0378223383014,-0.0134711122633,0.0849350069817,0.0783864771465,1
-0.0380917605467,0.180337048977,0.0865027365246,-0.186336922632,0
-0.0344850195672,-0.0159091918561,0.082775998072,0.132331882817,1
-0.0348032034043,0.177935494829,0.0854226357283,-0.133131205907,1
-0.0312444935077,0.371736562184,0.0827600116102,-0.397689100249,0
-0.023809762264,0.175543978721,0.0748062296052,-0.0801037968149,1
-0.0202988826896,0.369518287929,0.0732041536689,-0.348279008921,1
-0.012908516931,0.563526849272,0.0662385734905,-0.617009648155,0
-0.0016379799456,0.367545126278,0.0538983805274,-0.304221834297,1
0.00571292257997,0.561859192214,0.0478139438414,-0.579431216018,0
0.0169501064242,0.366100940966,0.0362253195211,-0.272077484294,1
0.0242721252436,0.560687762059,0.0307837698352,-0.553118308736,0
0.0354858804848,0.365147346616,0.0197214036605,-0.250897652134,1
0.0427888274171,0.559982204472,0.0147034506178,-0.537295390531,0
0.0539884715065,0.364656645261,0.0039575428072,-0.240016063209,1
0.0612816044117,0.559721838996,-0.000842778456974,-0.531448047911,0
0.0724760411917,0.364611752361,-0.0114717394152,-0.239030798733,0
0.0797682762389,0.169655546008,-0.0162523553899,0.0500116512988,1
0.0831613871591,0.365006723821,-0.0152521223639,-0.247754398502,0
0.0904615216355,0.170105880344,-0.0202072103339,0.0400789128175,1
0.0938636392424,0.365511684461,-0.0194056320776,-0.258910468194,0
0.101173872932,0.170672067539,-0.0245838414414,0.0275890318431,1
0.104587314282,0.366137784617,-0.0240320608046,-0.272747870102,0
0.111910069975,0.17136684087,-0.0294870182066,0.0122594377757,0
0.115337406792,-0.0233200902172,-0.0292418294511,0.295494958571,1
0.114871004988,0.172206271876,-0.0233319302797,-0.00626507252331,1
0.118315130425,0.367654930985,-0.0234572317302,-0.306217231352,0
0.125668229045,0.172874962401,-0.0295815763572,-0.0210234505349,0
0.129125728293,-0.0218105439511,-0.0300020453679,0.262181330683,1
0.128689517414,0.173726535917,-0.0247584187542,-0.0398115716217,0
0.132164048132,-0.0210317931649,-0.0255546501867,0.244958157964,1
0.131743412269,0.17444565522,-0.0206554870274,-0.0556745283166,0
0.135232325373,-0.0203741317328,-0.0217689775937,0.230420533182,1
0.134824842739,0.175052017061,-0.0171605669301,-0.069048809052,0
0.13832588308,-0.0198197560234,-0.0185415431111,0.218170852454,1
0.13792948796,0.175562271816,-0.014178126062,-0.0803027144663,0
0.141440733396,-0.019353593999,-0.0157841803514,0.207873468956,1
0.141053661516,0.175990461692,-0.0116267109722,-0.0897464706083,0
0.14457347075,-0.0189629236185,-0.0134216403844,0.199245666159,1
0.144194212277,0.176348396393,-0.00943672706122,-0.0976407704575,1
0.147721180205,0.371604316035,-0.0113895424704,-0.393285965675,0
0.155153266526,0.176645825169,-0.0192552617839,-0.10421565002,0
0.158686183029,-0.0181949644739,-0.0213395747843,0.182330658843,1
0.15832228374,0.17722573202,-0.0176929616074,-0.117007004633,0
0.16186679838,-0.0176383025176,-0.0200331017001,0.170041838734,1
0.16151403233,0.177764573471,-0.0166322649254,-0.128893000105,0
0.165069323799,-0.0171152160112,-0.0192101249275,0.158496592085,1
0.164727019479,0.178276422618,-0.0160401930858,-0.140184218021,0
0.168292547931,-0.0166121670832,-0.0188438774462,0.147395445946,1
0.16796030459,0.178774493564,-0.0158959685273,-0.151172283527,0
0.171535794461,-0.0161162759864,-0.0189194141978,0.136453719627,1
0.171213468941,0.179271482118,-0.0161903398053,-0.162137441601,0
0.174798898584,-0.0156149941283,-0.0194330886373,0.125394207882,1
0.174486598701,0.179779889191,-0.0169252044797,-0.173355744887,0
0.178082196485,-0.0150957880557,-0.0203923193774,0.113940130998,1
0.177780280724,0.180312334513,-0.0181135167575,-0.185106036484,0
0.181386527414,-0.0145458271582,-0.0218156374872,0.101808174964,0
0.181095610871,-0.209348447408,-0.0197794739879,0.387529286262,1
0.176908641923,-0.0139513941733,-0.0120288882626,0.0886762518961,1
0.176629614039,0.181340892454,-0.0102553632247,-0.207777392926,0
0.180256431888,-0.0136329237166,-0.0144109110832,0.0816529281175,1
0.179983773414,0.181692610811,-0.0127778525209,-0.215541612335,0
0.18361762563,-0.0132443576372,-0.0170886847676,0.0730833832146,0
0.183352738478,-0.208117205312,-0.0156270171033,0.360326146428,1
0.179190394371,-0.0127766458199,-0.00842049417471,0.0627569275836,1
0.178934861455,0.182465016627,-0.00716535562303,-0.232570779513,0
0.182584161787,-0.0125538219108,-0.0118167712133,0.0578433722591,0
0.182333085349,-0.207504365915,-0.0106599037681,0.346774722021,1
0.178182998031,-0.0122324218067,-0.00372440932769,0.0507494954299,1
0.177938349595,0.182942734945,-0.0027094194191,-0.243106183022,0
0.181597204294,-0.0121404108604,-0.00757154307954,0.0487208932799,0
0.181354396076,-0.207152978743,-0.00659712521394,0.339005347948,1
0.177211336502,-0.0119377791748,0.000182981745012,0.0442493799549,1
0.176972580918,0.18318154769,0.00106796934411,-0.24837580881,0
0.180636211872,-0.011955639199,-0.00389954683209,0.0446437875271,0
0.180397099088,-0.207021456317,-0.00300667108155,0.336093824648,1
0.176256669962,-0.0118568457357,0.00371520541141,0.0424642720351,1
0.176019533047,0.183211634018,0.00456449085211,-0.249044160358,0
0.179683765727,-0.0119752040172,-0.000416392355037,0.0450750023742,1
0.179444261647,0.183152715576,0.000485107692447,-0.247739270991,0
0.183107315958,-0.011976160389,-0.00446967772738,0.0450966301732,1
0.182867792751,0.183209597506,-0.00356774512392,-0.248993162982,0
0.186531984701,-0.0118612215741,-0.00854760838356,0.042562288535,0
0.186294760269,-0.206859566228,-0.00769636261286,0.332536154147,1
0.182157568945,-0.0116289187152,-0.00104563952993,0.037436147784,1
0.18192499057,0.183508011453,-0.000296916574245,-0.255576505418,0
0.185595150799,-0.0116096992109,-0.00540844668261,0.0370127542056,0
0.185362956815,-0.206653676675,-0.0046681915985,0.327984365873,1
0.181229883282,-0.0114655788867,0.00189149571896,0.0338329659953,1
0.181000571704,0.18362919662,0.00256815503887,-0.258252574354,0
0.184673155636,-0.0115293242537,-0.00259689644821,0.0352392783442,0
0.184442569151,-0.206613939226,-0.00189211088132,0.327101727387,1
0.180310290367,-0.0114651010628,0.00464992366642,0.0338227138612,1
0.180080988346,0.183589861007,0.00532637794364,-0.257389493539,0
0.183752785566,-0.0116077273594,0.00017858807286,0.03696868337,1
0.183520631019,0.183511662429,0.00091796174026,-0.255657891752,0
0.187190864267,-0.0116233831312,-0.00419519609477,0.0373144339784,1
0.186958396604,0.183558475585,-0.0034489074152,-0.256689161781,0
0.190629566116,-0.0115140655672,-0.00858269065083,0.0349039328933,0
0.190399284805,-0.206511893687,-0.00788461199296,0.324866622034,1
0.186269046931,-0.0112785701649,-0.00138727955229,0.0297076876143,1
0.186043475528,0.183863247974,-0.0007931258,-0.263412617982,0
0.189720740487,-0.0112473733752,-0.00606137815964,0.0290200430302,0
0.18949579302,-0.206281878363,-0.00548097729903,0.319784392041,1
0.185370155452,-0.0110822993749,0.000914710541796,0.0253780222995,1
0.185148509465,0.184026522194,0.00142227098779,-0.267016162757,0
0.188829039909,-0.0111156986304,-0.00391805226736,0.0261150199506,0
0.188606725936,-0.206181243322,-0.00339575186835,0.317559186713,1
0.18448310107,-0.0110110911856,0.00295543186592,0.0238072972761,1
0.184262879246,0.184068352019,0.00343157781144,-0.267941693876,0
0.187944246286,-0.0111024041427,-0.00192725606608,0.025821598557,0
0.187722198204,-0.206196663989,-0.00141082409494,0.317895831913,1
0.183598264924,-0.0110546470325,0.00494709254333,0.0247683156432,1
0.183377171983,0.183996010473,0.00544245885619,-0.266349651135,0
0.187057092193,-0.0112031922899,0.000115465833503,0.0280448916218,1
0.186833028347,0.183917102879,0.000676363665938,-0.264601602225,0
0.190511370404,-0.0112144956509,-0.00461566837857,0.028294579522,0
0.190287080491,-0.206269951915,-0.00404977678813,0.319517645585,1
0.186161681453,-0.0110905591913,0.00234057612357,0.0255603261828,1
0.185939870269,0.183997748155,0.00285178264722,-0.266383204521,0
0.189619825232,-0.0111647880174,-0.00247588144319,0.0271978323064,0
0.189396529472,-0.206251145903,-0.00193192479706,0.319098563826,1
0.185271506554,-0.011101733336,0.00445004647946,0.0258070057112,1
0.185049471887,0.183956118803,0.00496618659369,-0.26546856612,0
0.188728594263,-0.0112363599382,-0.000343184728711,0.0287765943308,1
0.188503867065,0.183890511093,0.000232347157905,-0.264014591289,0
0.192181677286,-0.0112347557531,-0.00504794466787,0.0287416111442,0
0.191956982171,-0.206283953687,-0.00447311244499,0.319827590978,1
0.187831303098,-0.0110985844969,0.00192343937458,0.025737375574,1
0.187609331408,0.183995730286,0.00243818688606,-0.266338064441,0
0.191289246013,-0.0111609343374,-0.00288857440277,0.0271128886087,1
0.191066027327,0.184002321812,-0.00234631663059,-0.266480013998,0
0.194746073763,-0.0110860638832,-0.00767591691056,0.0254619425878,0
0.194524352485,-0.206097099686,-0.00716667805881,0.315713181429,1
0.190402410492,-0.0108738019069,-0.00085241443023,0.0207787696038,0
0.190184934453,-0.205983518248,-0.000436839038154,0.313192627976,1
0.186065264088,-0.0108553466467,0.00582701352137,0.0203719678288,1
0.185848157155,0.184182556367,0.00623445287795,-0.270466787675,0
0.189531808283,-0.0110278035987,0.000825117124451,0.0241759789282,1
0.189311252211,0.18408230499,0.00130863670302,-0.268246499922,0
0.192992898311,-0.0110582976532,-0.00405629329542,0.0248488924857,0
0.192771732358,-0.206121843934,-0.00355931544571,0.31624925784,1
0.188649295479,-0.01094937557,0.0027656697111,0.0224459732013,1
0.188430307968,0.184132804277,0.00321458917512,-0.269363071585,0
0.192112964053,-0.0110348734187,-0.00217267225657,0.0243320199644,1
0.191892266585,0.184118168341,-0.00168603185728,-0.269035616901,0
0.195574629952,-0.0109796812378,-0.0070667441953,0.0231150483825,0
0.195355036327,-0.205999579458,-0.00660444322765,0.313559985937,1
0.191235044738,-0.0107841701603,-0.000333243508907,0.018801566051,0
0.191019361334,-0.20590134071,4.27878121133e-05,0.311379332035,1
0.18690133452,-0.0107799991091,0.00627037445281,0.0187098995181,1
0.186685734538,0.184251469185,0.00664457244317,-0.271988073807,0
0.190370763922,-0.0109646619269,0.00120481096704,0.0227831486643,1
0.190151470683,0.184139990445,0.00166047394032,-0.269519403148,0
0.193834270492,-0.0110056173119,-0.00372991412264,0.0236867840629,0
0.193614158146,-0.20607388007,-0.00325617844138,0.315190550612,1
0.189492680544,-0.0109056978234,0.00304763257086,0.0214825144533,1
0.189274566588,0.18417241495,0.00347728285992,-0.270237293196,0
0.192958014887,-0.0109989847705,-0.001927463004,0.023540355552,1
0.192738035192,0.18415055493,-0.00145665589296,-0.269750084019,0
0.19642104629,-0.0109505788598,-0.00685165757333,0.0224730495036,0
0.196202034713,-0.205973603837,-0.00640219658326,0.312986348883,1
0.192082562636,-0.0107610355801,-0.000142469605591,0.018291264587,1
0.191867341925,0.184362958526,0.000223355686148,-0.274436609665,0
0.195554601095,-0.010762178817,-0.00526537650716,0.0183167556192,0
0.195339357519,-0.205808224284,-0.00489904139477,0.309333754669,1
0.191223193033,-0.0106168148883,0.00128763369862,0.0151098416937,1
0.191010856735,0.184486646417,0.00158983053249,-0.277166543451,0
0.194700589664,-0.0106579500154,-0.00395350033653,0.0160173912481,0
0.194487430663,-0.205722980746,-0.00363315251157,0.307450324602,1
0.190372971048,-0.0105494488157,0.00251585398047,0.0136238144042,1
0.190161982072,0.184536331633,0.00278833026855,-0.278264269879,0
0.193852708705,-0.0106252864544,-0.00277695512904,0.015296787284,0
0.193640202976,-0.205707302837,-0.00247101938336,0.307102259821,1
0.189526056919,-0.0105502282805,0.00367102581306,0.0136410627397,1
0.189315052353,0.184518883843,0.00394384706786,-0.277881354657,0
0.19300543003,-0.0106591080912,-0.00161378002527,0.0160428444415,0
0.192792247868,-0.205757878611,-0.00129292313644,0.308216168031,1
0.188677090296,-0.0106175286998,0.00487140022417,0.0151257685218,1
0.188464739722,0.184434223023,0.0051739155946,-0.276016201555,0
0.192153424183,-0.010761161502,-0.000346408436493,0.0182940806914,1
0.191938200953,0.184365755895,1.94731773359e-05,-0.274498121921,0
0.19562551607,-0.0107564731619,-0.00547048926108,0.0181909467228,0
0.195410386607,-0.205799545805,-0.00510667032662,0.309142862195,1
0.191294395691,-0.0106052073253,0.00107618691729,0.0148538176383,1
0.191082291545,0.184501293508,0.00137326327006,-0.277489365243,0
0.194772317415,-0.0106402222014,-0.00417652403481,0.0156263715897,0
0.194559512971,-0.205702028681,-0.00386399660302,0.306988634918,1
0.190445472397,-0.0105252311403,0.00227577609534,0.01308961199,1
0.190234967774,0.184564008681,0.00253756833514,-0.27887441235,0
-0.0285856639491,-0.0212373308547,-0.0116456206658,-0.0167193702323,0
-0.0290104105662,-0.216190350588,-0.0119800080704,0.272266594789,0
-0.033334217578,-0.411139326625,-0.00653467617461,0.561147036577,0
-0.0415570041105,-0.606168961801,0.00468826455693,0.851764062126,0
-0.0536803833465,-0.801354516326,0.0217235457994,1.14591752104,1
-0.069707473673,-0.606522913215,0.0446418962203,0.860125291404,1
-0.0818379319373,-0.412036472853,0.0618444020483,0.581806634997,1
-0.0900786613944,-0.217833070578,0.0734805347483,0.309229101793,0
-0.094435322806,-0.413920871617,0.0796651167841,0.624150936556,1
-0.102713740238,-0.219996225589,0.0921481355153,0.357583318925,1
-0.10711366475,-0.0262968738757,0.0992998018938,0.0953202129288,1
-0.107639602228,0.167271993938,0.101206206152,-0.164456569971,0
-0.104294162349,-0.0291421419016,0.0979170747529,0.158360919528,1
-0.104877005187,0.16445150497,0.101084293143,-0.101896925961,1
-0.101587975087,0.357990427588,0.0990463546242,-0.361055185105,0
-0.0944281665357,0.161610359589,0.0918252509221,-0.038856755046,1
-0.0911959593439,0.355303760744,0.0910481158212,-0.301214117,1
-0.084089884129,0.549018024772,0.0850238334812,-0.563850783539,0
-0.0731095236336,0.352812449888,0.0737468178105,-0.245638665305,1
-0.0660532746358,0.546807871832,0.0688340445044,-0.514178943244,0
-0.0551171171992,0.350787446923,0.0585504656395,-0.200623376146,1
-0.0481013682607,0.54502524729,0.0545379981165,-0.474276807796,1
-0.0372008633149,0.739336308728,0.0450524619606,-0.749283815282,0
-0.0224141371404,0.543622828587,0.030066785655,-0.442770534477,1
-0.0115416805686,0.738306713847,0.0212113749655,-0.725826071755,0
0.00322445370829,0.542897985102,0.00669485353035,-0.426543238624,0
0.0140824134103,0.347681851312,-0.00183601124212,-0.131757328026,1
0.0210360504366,0.542830054331,-0.00447115780264,-0.425018926181,0
0.0318926515232,0.347771722555,-0.0129715363263,-0.133748869121,1
0.0388480859743,0.543077052924,-0.0156465137087,-0.430495743088,0
0.0497096270328,0.34818012105,-0.0242564285705,-0.142786016921,0
0.0566732294538,0.153413807042,-0.0271121489089,0.142146820983,1
0.0597415055946,0.348913348778,-0.0242692124892,-0.15896471432,0
0.0667197725702,0.154147110894,-0.0274485067756,0.125964161457,1
0.0698027147881,0.349651316213,-0.0249292235465,-0.175250528494,0
0.0767957411123,0.154894845894,-0.0284342341163,0.10946497316,1
0.0798936380302,0.350412470016,-0.0262449346531,-0.192051451584,0
0.0869018874305,0.155675604895,-0.0300859636848,0.0922381262792,1
0.0900153995284,0.351215575833,-0.0282412011592,-0.209783032134,0
0.0970397110451,0.156508576835,-0.0324368618019,0.0738591959244,1
0.100169882582,0.352080170177,-0.0309596778834,-0.228878644793,0
0.107211485985,0.157414008759,-0.0355372507793,0.0538799763354,0
0.11035976616,-0.0371808415292,-0.0344596512526,0.335142203588,1
0.10961614933,0.158414156903,-0.0277568071808,0.031794753218,1
0.112784432468,0.353922930837,-0.0271209121165,-0.269514897538,0
0.119862891085,0.15919829832,-0.0325112100672,0.014492065723,0
0.123046857051,-0.0354426814978,-0.0322213687528,0.296742638471,1
0.122338003421,0.160123432475,-0.0262865159833,-0.00592570898487,0
0.125540472071,-0.0346118627075,-0.026405030163,0.2783489751,1
0.124848234816,0.160876632785,-0.020838050661,-0.022543726184,1
0.128065767472,0.356291127399,-0.0212889251847,-0.321727773642,0
0.13519159002,0.161478708054,-0.0277234806575,-0.03583383278,0
0.138421164181,-0.033234938725,-0.0284401573132,0.247974743894,1
0.137756465407,0.162281391885,-0.0234806624353,-0.0535414326888,0
0.141002093244,-0.0324961454153,-0.024551491089,0.23164165483,1
0.140352170336,0.162967864206,-0.0199186579925,-0.0686834115704,0
0.14361152762,-0.031862936201,-0.0212923262239,0.217649117966,1
0.142974268896,0.163556820221,-0.0169393438645,-0.0816735430054,0
0.146245405301,-0.0313182615717,-0.0185728147246,0.205617213464,1
0.145619040069,0.164064292779,-0.0144604704554,-0.0928661652933,0
0.148900325925,-0.0308474426887,-0.0163177937612,0.195219640495,1
0.148283377071,0.164504075611,-0.0124134009513,-0.102565844041,0
0.151573458583,-0.0304377970897,-0.0144647178321,0.186174989832,1
0.150964702641,0.164888091191,-0.0107412180355,-0.11103567113,0
0.154262464465,-0.0300783104465,-0.0129619314581,0.178239203603,1
0.153660898256,0.165226710428,-0.00939714738604,-0.11850441905,0
0.156965432465,-0.0297593487725,-0.011767235767,0.17119903529,1
0.156370245489,0.165529031252,-0.00834325506125,-0.125172741588,0
0.159680826114,-0.0294724053678,-0.010846709893,0.164866344348,1
0.159091378007,0.165803122731,-0.00754938300605,-0.13121858736,0
0.162407440462,-0.0292098769843,-0.0101737547532,0.159073078923,1
0.161823242922,0.166056240735,-0.00699229317479,-0.136801971779,0
0.165144367737,-0.028964864031,-0.00972833261038,0.153666816704,1
0.164565070456,0.166295020684,-0.0066549962763,-0.142069235538,0
0.16789097087,-0.02873099001,-0.00949638098707,0.148506747937,1
0.16731635107,0.166525652311,-0.00652624602833,-0.147156903324,0
0.170646864116,-0.028502235735,-0.0094693840948,0.1434599961,1
0.170076819401,0.166754040991,-0.00660018417279,-0.152195245043,0
0.173411900221,-0.0282727841926,-0.00964408907366,0.138398180815,1
0.172846444537,0.166985959795,-0.00687612545737,-0.157311632973,0
0.176186163733,-0.0280368721538,-0.0100223581168,0.133194134353,1
0.17562542629,0.16722719615,-0.00735847542976,-0.162633781818,0
0.178969970213,-0.0277886448178,-0.0106111510661,0.12771868775,1
0.178414197317,0.167483696805,-0.00805677731112,-0.168292954468,0
0.181763871253,-0.0275220098722,-0.0114226364005,0.121837445088,1
0.181213431055,0.167761714691,-0.00898588749871,-0.174427214068,0
0.184568665349,-0.027230487378,-0.0124744317801,0.115407465088,1
0.184024055601,0.168067961208,-0.0101662824783,-0.181184802908,0
0.187385414826,-0.0269070518459,-0.0137899785365,0.108273767757,1
0.186847273789,0.168409767515,-0.0116245031813,-0.188727730324,0
0.190215469139,-0.0265439627538,-0.0153990577878,0.100265580398,1
0.189684589884,0.168795258478,-0.0133937461798,-0.197235655464,0
0.193060495054,-0.026132579587,-0.0173384592891,0.0911922319473,1
0.192537843462,0.169233543029,-0.0155146146502,-0.20691015617,0
0.195922514322,-0.0256631572678,-0.0196528177736,0.0808385970534,0
0.195409251177,-0.220497950665,-0.0180360458325,0.367256793715,1
0.190999292164,-0.0251244152889,-0.0106909099582,0.0689418454719,1
0.190496803858,0.170149164941,-0.00931207304877,-0.227094853509,0
0.193899787157,-0.0248384766106,-0.0138539701189,0.0626362177785,0
0.193403017625,-0.219759082813,-0.0126012457634,0.35091613191,1
0.189007835968,-0.0244602133108,-0.00558292312518,0.0542864179754,1
0.188518631702,0.170741342297,-0.00449719476567,-0.240152723138,0
0.191933458548,-0.0243160778231,-0.00930024922843,0.0511082775008,0
0.191447136992,-0.219303447234,-0.00827808367842,0.340842448831,1
0.187061068047,-0.0240646987652,-0.0014612347018,0.0455606315606,1
0.186579774072,0.171078175221,-0.000550022070589,-0.247582969766,0
0.190001337576,-0.024035916452,-0.0055016814659,0.0449264169934,0
0.189520619247,-0.219078545964,-0.00460315312604,0.335868447346,1
0.185139048328,-0.0238913889478,0.00211421582088,0.0417374914444,1
0.184661220549,0.171200181199,0.00294896564977,-0.250277630756,0
0.188085224173,-0.0239637578577,-0.00205658696535,0.0433339995562,0
0.187605949015,-0.219056158084,-0.00118990697423,0.33536734489,1
0.183224825854,-0.0239172926564,0.00551743992357,0.0423094213998,1
0.182746480001,0.171125107195,0.00636362835157,-0.248627606149,0
0.186168982145,-0.0240871431028,0.00139107622859,0.0460557344729,1
0.185687239282,0.171014833327,0.00231219091805,-0.246187970738,0
0.189107535949,-0.024140064913,-0.00261156849671,0.0472233776407,1
0.188624734651,0.171019236775,-0.00166710094389,-0.246282376875,0
0.192045119386,-0.0240788647984,-0.0065927484814,0.0458742413686,0
0.19156354209,-0.219105662394,-0.00567526365402,0.33646982624,1
0.187181428842,-0.0239034082031,0.00105413287078,0.0420026417798,1
0.186703360678,0.17120341117,0.00189418570637,-0.250347509672,0
0.190127428902,-0.0239455383259,-0.00311276448707,0.0429322796999,0
0.189648518135,-0.219022715529,-0.00225411889308,0.334631476603,1
0.185268063825,-0.0238687558662,0.00443851063899,0.0412385704057,1
0.184790688707,0.171189267643,0.0052632820471,-0.250040664982,0
0.18821447406,-0.0240074486574,0.00026246874746,0.0442977517305,1
0.187734325087,0.171110737895,0.00114842378207,-0.248302352206,0
0.191156539845,-0.0240275954779,-0.00381762326206,0.0447425913485,0
0.190675987935,-0.219094596361,-0.00292277143509,0.336218581947,1
0.186294096008,-0.0239311728904,0.00380160020385,0.0426154035629,1
0.18581547255,0.171136058802,0.00465390827511,-0.248865661853,0
0.189238193726,-0.0240520447737,-0.000323404961945,0.0452815669461,1
0.188757152831,0.171074542406,0.000582226376978,-0.247503379574,0
0.192178643679,-0.0240557191541,-0.0043678412145,0.0453631377011,1
0.191697529296,0.171128591268,-0.00346057846048,-0.248694676371,0
0.195120101121,-0.0239437684668,-0.00843447198789,0.042894703115,0
0.194641225752,-0.218943762865,-0.00757657792559,0.33290458514,1
0.190262350495,-0.0237147957897,-0.000918486222781,0.0378420471587,1
0.189788054579,0.17142031453,-0.000161645279606,-0.255130529769,0
0.19321646087,-0.0236993283513,-0.00526425587498,0.0375014070183,0
0.192742474302,-0.218745395557,-0.00451422773461,0.328518769863,1
0.188367566391,-0.023559470935,0.00205614766265,0.0344156876395,1
0.187896376973,0.171532934226,0.00274446141544,-0.257617794515,0
0.191327035657,-0.0236280911319,-0.00240789447486,0.0359295116912,0
0.190854473835,-0.218715430023,-0.00168930424103,0.327851751406,1
0.186480165234,-0.0235694696524,0.00486773078709,0.0346365733124,1
0.186008775841,0.171482339813,0.00556046225334,-0.256506567407,0
0.189438422637,-0.0237185563926,0.000430330905206,0.0379250178668,1
0.188964051509,0.171397221213,0.00118883126254,-0.25462210416,0
0.192391995934,-0.0237416841958,-0.00390361082065,0.0384355634168,0
0.19191716225,-0.218807440623,-0.00313489955232,0.32988431006,1
0.187541013437,-0.0236410038233,0.00346278664887,0.0362144344121,1
0.187068193361,0.171431119644,0.00418707533712,-0.255373939233,0
0.190496815754,-0.0237503628817,-0.000920403447553,0.0386267147277,1
0.190021808496,0.171384774827,-0.000147869152998,-0.254346466431,0
0.193449503993,-0.0237350647527,-0.00523479848161,0.0382898162087,0
0.192974802698,-0.218781559075,-0.00446900215744,0.329316525316,1
0.188599171516,-0.0235962747508,0.00211732834888,0.0352276402411,1
0.188127246021,0.17149524954,0.0028218811537,-0.256786496168,0
0.191557151012,-0.0236668761229,-0.00231384876966,0.0367851587265,0
0.191083813489,-0.218755570112,-0.00157814559513,0.328737145416,1
0.186708702087,-0.0236111879627,0.0049965973132,0.0355569620911,1
0.186236478328,0.171438755785,0.00570773655502,-0.25554530783,0
0.189665253444,-0.0237642219954,0.000596830398423,0.0389324547597,1
0.189189969004,0.171349165602,0.00137547949362,-0.253562106384,0
0.192616952316,-0.0237923986894,-0.00369576263406,0.0395543539989,0
0.192141104342,-0.218861158434,-0.00290467555409,0.331068943594,1
0.187763881173,-0.0236979812412,0.0037167033178,0.0374714393557,1
0.187289921548,0.171370475427,0.00446613210491,-0.2540365164,0
0.190717331057,-0.0238149597528,-0.000614598223082,0.0400517549232,1
0.190241031862,0.171315799347,0.000186436875381,-0.252825020313,0
0.193667347849,-0.023808813527,-0.00487006353088,0.0399167063527,0
0.193191171578,-0.218860591088,-0.00407172940383,0.331059110074,1
0.188813959757,-0.0236809181021,0.00254945279765,0.0370949423654,1
0.188340341395,0.171404381034,0.00329135164496,-0.254782517031,0
0.191768429015,-0.0237644094982,-0.00180429869565,0.0389367387089,1
0.191293140825,0.171383368795,-0.00102556392148,-0.254314915782,0
0.194720808201,-0.0237239240439,-0.00611186223713,0.0380443538278,0
0.19424632972,-0.218757699952,-0.00535097516057,0.328792677302,1
0.189871175721,-0.02355998269,0.00122487838547,0.0344271140217,1
0.189399976067,0.171544381996,0.0019134206659,-0.257869099312,0
0.192830863707,-0.0236048339977,-0.00324396132034,0.0354167341543,0
0.192358767027,-0.218680116154,-0.00253562663726,0.32707439481,1
0.187985164704,-0.0235221569436,0.00400586125894,0.0335929236232,1
0.187514721565,0.171542120352,0.00467771973141,-0.257823424626,0
0.190945563972,-0.0236462993743,-0.000478748761118,0.0363312463568,1
0.190472637985,0.171482513913,0.000247876166017,-0.256502692162,0
0.193902288263,-0.0236429754251,-0.00488217767722,0.0362584084456,0
0.193429428755,-0.218694576265,-0.00415700950831,0.32739696829,1
0.189055537229,-0.023513689642,0.00239092985749,0.0334060107271,1
0.188585263437,0.171573893276,0.00305905007203,-0.258521594522,0
0.192016741302,-0.0235915958317,-0.00211138181841,0.0351246287216,0
0.191544909385,-0.218683205741,-0.00140888924398,0.327140645513,1
0.187171245271,-0.02354122446,0.00513392366628,0.0340137508043,1
0.186700420781,0.171506729708,0.00581419868236,-0.257044957845,0
0.190130555376,-0.0236977461263,0.000673299525461,0.037466171551,1
0.189656600453,0.171414543446,0.00142262295648,-0.255004246423,0
0.193084891322,-0.0237276910906,-0.00367746197199,0.0381270601843,0
0.1926103375,-0.218796714787,-0.0029149207683,0.329647445803,1
0.0398502426854,-0.00278518112676,-0.0486329339642,-0.0244324936975,0
0.0397945390628,-0.197177177352,-0.0491215838382,0.252518295101,0
0.0358509955158,-0.391564547864,-0.0440712179361,0.529311700732,0
0.0280197045585,-0.586039693396,-0.0334849839215,0.807788427956,0
0.0162989106906,-0.780687129272,-0.0173292153624,1.08975316591,0
0.000685168105127,-0.975576398578,0.00446584795586,1.37694864246,1
-0.0188263598664,-0.780510517312,0.032004820805,1.08566569326,1
-0.0344365702127,-0.585825038504,0.0537181346702,0.80319483682,1
-0.0461530709827,-0.391479205042,0.0697820314066,0.527882131429,1
-0.0539826550836,-0.197404866719,0.0803396740352,0.257978395559,0
-0.057930752418,-0.393576395879,0.0854992419463,0.574881026971,1
-0.0658022803355,-0.199750550722,0.0969968624857,0.310310442582,1
-0.06979729135,-0.00613474096589,0.103203071337,0.0497242490745,1
-0.0699199861693,0.187367594799,0.104197556319,-0.208697028586,0
-0.0661726342733,-0.0090779923984,0.100023615747,0.114951851002,1
-0.0663541941213,0.184479087613,0.102322652767,-0.144574682827,1
-0.062664612369,0.377998149783,0.0994311591107,-0.403304610697,0
-0.0551046493734,0.181616938783,0.0913650668967,-0.0810031291594,1
-0.0514723105977,0.375318461365,0.0897450043135,-0.343519578736,1
-0.0439659413704,0.569056686502,0.0828746127388,-0.606607774581,0
-0.0325848076404,0.372879707964,0.0707424572472,-0.289015010835,1
-0.0251272134811,0.566925312806,0.0649621570305,-0.558574457272,1
-0.013788707225,0.761078123325,0.0537906678851,-0.830103939696,0
0.00143285524152,0.565263783444,0.0371885890912,-0.521000428504,0
0.0127381309104,0.369638618142,0.0267685805211,-0.216834642848,1
0.0201309032732,0.56436787244,0.0224318876641,-0.500954856773,0
0.031418260722,0.368937008995,0.0124127905287,-0.201287890693,1
0.0387970009019,0.563879253909,0.00838703271481,-0.49002946451,0
0.0500745859801,0.368639995704,-0.00141355657539,-0.194715118619,1
0.0574473858942,0.563782138549,-0.00530785894777,-0.48784362594,0
0.0687230286652,0.368735478034,-0.0150647314666,-0.196838259702,1
0.0760977382259,0.564069633996,-0.0190014966606,-0.494235110052,0
0.0873791309058,0.369220745524,-0.0288861988617,-0.207600643259,0
0.0947635458162,0.174523503705,-0.0330382117269,0.0758320231172,1
0.0982540158903,0.370103126412,-0.0315215712645,-0.227088783007,0
0.105656078419,0.175445503158,-0.0360633469247,0.0554867963013,1
0.109164988482,0.371065491156,-0.0349536109986,-0.248352719906,0
0.116586298305,0.176459704807,-0.0399206653967,0.0331033881102,0
0.120115492401,-0.0180677047485,-0.0392585976345,0.312928466978,1
0.119754138306,0.177590890481,-0.033000028295,0.00812764925958,0
0.123305956116,-0.0170426343184,-0.0328374753098,0.290218736184,1
0.122965103429,0.178531792754,-0.0270331005861,-0.0126372355513,0
0.126535739284,-0.0161922474954,-0.0272858452971,0.271395341162,1
0.126211894334,0.179308220374,-0.0218579384739,-0.0297672454265,1
0.129798058742,0.374736696843,-0.0224532833824,-0.32926565781,0
0.137292792679,0.179941460226,-0.0290385965386,-0.0437471649521,0
0.140891621883,-0.0147523139849,-0.0299135398377,0.239634227225,1
0.140596575604,0.180783910829,-0.0251208552932,-0.0623321616837,0
0.14421225382,-0.0139690265114,-0.0263674985268,0.222320319268,1
0.14393287329,0.181519684147,-0.0219210921415,-0.0785619645529,0
0.147563266973,-0.0132812709138,-0.0234923314325,0.207124979503,1
0.147297641555,0.182168596367,-0.0193498318425,-0.0928750352369,0
0.150941013482,-0.012670744827,-0.0212073325472,0.193640769468,1
0.150687598585,0.182748053643,-0.0173345171578,-0.105656001781,0
0.154342559658,-0.012121249698,-0.0194476371935,0.181507944964,1
0.154100134664,0.183273507079,-0.0158174782942,-0.117246011605,0
0.157765604806,-0.0116182807706,-0.0181623985263,0.170404955859,1
0.15753323919,0.183758858734,-0.0147542994091,-0.127951869134,0
0.161208416365,-0.0111486562433,-0.0173133367918,0.160039975294,1
0.16098544324,0.184216826809,-0.0141125372859,-0.138054196265,0
0.164669779776,-0.0107001789185,-0.0168736212112,0.150143249276,1
0.164455776198,0.184659278147,-0.0138707562257,-0.147814829619,0
0.168148961761,-0.0102613234123,-0.016827052818,0.140460074874,1
0.167943735293,0.185097535833,-0.0140178513206,-0.157483648189,0
0.171645686009,-0.00982094202062,-0.0171675242843,0.130744229611,1
0.171449267169,0.185542669323,-0.0145526396921,-0.167305008941,0
0.175160120556,-0.00936798247396,-0.017898739871,0.12075168571,1
0.174972760906,0.186005774114,-0.0154837061568,-0.17752395581,0
0.178692876388,-0.00889121096109,-0.019034185273,0.110234450579,1
0.178515052169,0.186498247656,-0.0168294962614,-0.188392359286,0
0.182245017122,-0.00837893393155,-0.0205973434471,0.0989343791516,1
0.182077438444,0.187032067887,-0.0186186558641,-0.200175139154,0
0.185818079801,-0.00781871226847,-0.0226221586471,0.0865768045685,0
0.185661705556,-0.202609211839,-0.0208906225558,0.372037444946,1
0.181609521319,-0.00719680566357,-0.0134498736568,0.0728413981859,1
0.181465585206,0.188115358447,-0.0119930456931,-0.224054493169,0
0.185227892375,-0.00683314718284,-0.0164741355565,0.0648213645758,0
0.185091229431,-0.201715075786,-0.015177708265,0.352261413803,1
0.181056927915,-0.00638061708136,-0.00813247998894,0.0548313985375,1
0.180929315574,0.188856992012,-0.00703585201819,-0.240406253562,0
0.184706455414,-0.00616374845034,-0.0118439770894,0.0500490931201,0
0.184583180445,-0.201113883587,-0.010842995227,0.338971737538,1
0.180560902773,-0.00583933543193,-0.00406356047626,0.0428893559075,1
0.180444116065,0.189340649436,-0.00320577335811,-0.251072887704,0
0.184230929053,-0.00573537708084,-0.00822723111219,0.0405971527246,0
0.184116221512,-0.200738390543,-0.0074152880577,0.330672994889,1
0.180101453701,-0.00551167363966,-0.000801828159913,0.0356608959118,1
0.179991220228,0.18962176679,-8.86102416778e-05,-0.257274908093,0
0.183783655564,-0.00549891923941,-0.00523410840354,0.0353800683902,0
0.183673677179,-0.200545422465,-0.00452650703574,0.326406994789,1
0.17966276873,-0.00535931851836,0.00200163286005,0.0323000497547,1
0.179555582359,0.189733871277,0.00264763385515,-0.259750669035,0
0.183350259785,-0.0054257763274,-0.00254737952556,0.0337661797695,1
0.183241744258,0.189732612387,-0.00187205593017,-0.259719382265,0
0.187036396506,-0.00536256404284,-0.00706644357547,0.0323724854607,0
0.186929145225,-0.200382470176,-0.00641899386625,0.322817523886,1
0.182921495822,-0.00516970486721,3.73566114594e-05,0.0281172372488,1
0.182818101724,0.189951710613,0.000599701356436,-0.264553902923,0
0.186617135937,-0.00517879511625,-0.00469137670203,0.0283181152258,0
0.186513560034,-0.20023315567,-0.00412501439751,0.319517176655,1
0.182508896921,-0.00505270024224,0.00226532913559,0.0255362335722,1
0.182407842916,0.19003669114,0.00277605380703,-0.266431096448,0
0.186208576739,-0.00512477024659,-0.00255256812193,0.0271261263988,1
0.186106081334,0.190033693502,-0.00201004559396,-0.266361069756,0
0.189906755204,-0.00505951225526,-0.00733726698907,0.0256871946995,0
0.189805564959,-0.200075476639,-0.00682352309509,0.316046130086,1
0.185804055426,-0.00485699916242,-0.000502600493362,0.0212191307202,1
0.185706915443,0.190272156255,-7.82178789574e-05,-0.271622329976,0
0.189512358568,-0.00484867874835,-0.00551066447849,0.0210359255769,0
0.189415384993,-0.199891169573,-0.00508994596695,0.311975092464,1
0.185417561602,-0.00469707567286,0.00114955588234,0.0176913067043,1
0.185323620088,0.190408370733,0.00150338201642,-0.274628700179,0
0.189131787503,-0.00473499825892,-0.00398919198716,0.0185280166645,0
0.189037087538,-0.199799513436,-0.00361863165387,0.309949641958,1
0.185041097269,-0.00462619235512,0.00258036118529,0.0161277017221,1
0.184948573422,0.190458658485,0.00290291521973,-0.275739974997,0
0.188757746592,-0.00470458888291,-0.0026118842802,0.0178571184632,0
0.188663654814,-0.199788985463,-0.00225474191094,0.309714822088,1
0.184667875105,-0.00463498165665,0.00393955453083,0.01632166692,1
0.184575175471,0.190430250676,0.00426598786923,-0.275115684973,0
0.188383780485,-0.00475230539438,-0.00123632583024,0.0189096817211,1
0.188288734377,0.190387354273,-0.000858132195819,-0.274163063778,0
0.192096481463,-0.00472234249701,-0.00634139347137,0.0182490827846,0
0.192002034613,-0.199752779496,-0.00597641181568,0.308924499009,1
0.188006979023,-0.00454618642801,0.000202078164492,0.0143627839953,1
0.187916055294,0.190572866153,0.000489333844399,-0.27825637792,0
0.191727512617,-0.00455606244704,-0.005075793714,0.0145808440818,0
0.191636391368,-0.199604853967,-0.00478417683236,0.305657985545,1
0.187644294289,-0.00441505465763,0.00132898287853,0.0114700946299,1
0.187555993196,0.190687811982,0.00155838477113,-0.280793226035,0
0.191369749435,-0.00445633416907,-0.00405747974958,0.0123808026881,0
0.191280622752,-0.19951986146,-0.00380986369581,0.303780789336,1
0.187290225523,-0.00434382204868,0.00226575209091,0.00989875774343,1
0.187203349082,0.190745562016,0.00246372724578,-0.282068436672,0
0.191018260322,-0.00441144459762,-0.00317764148765,0.0113905198819,0
0.19093003143,-0.199487680368,-0.00294983109001,0.303069171191,1
0.186940277823,-0.00432381309514,0.00311155233381,0.00945739486202,1
0.186853801561,0.190753376274,0.00330070023105,-0.282242177765,0
0.190668869086,-0.00441549936965,-0.00234414332424,0.0114799450892,0
0.190580559099,-0.199503754128,-0.00211454442245,0.303422345713,1
0.186590484016,-0.00435173111257,0.0039539024918,0.0100732900292,1
0.186503449394,0.190713293207,0.00415536829239,-0.28135951501,0
0.190317715258,-0.0044676838617,-0.00147182200782,0.0126310977036,0
0.190228361581,-0.199568496335,-0.00121920005375,0.30484928392,1
0.186236991654,-0.00442919178409,0.00487778562464,0.0117820999153,1
0.186148407819,0.190622467052,0.00511342762295,-0.279357844441,0
0.18996085716,-0.00457205415937,-0.000473729265871,0.0149334507199,1
0.189869416077,0.190556687723,-0.000175060251473,-0.277898905659,0
0.193680549831,-0.00456276562882,-0.00573303836466,0.0147288021697,0
0.193589294518,-0.199602030648,-0.00543846232126,0.305597387792,1
0.189597253906,-0.00440300340221,0.000673485434571,0.0112042769048,1
0.189509193837,0.19070928266,0.000897570972668,-0.281266081112,0
0.193323379491,-0.004425460255,-0.00472775064957,0.0116998011867,0
0.193234870286,-0.199479291248,-0.00449375462583,0.302887324342,1
0.189245284461,-0.00429358448638,0.001563991861,0.008790560941,1
0.189159412771,0.190805902037,0.00173980307982,-0.283398497503,0
0.192975530812,-0.00434082090987,-0.00392816687025,0.00983264574433,0
0.192888714393,-0.199406217178,-0.00373151395536,0.301273604594,1
0.18890059005,-0.00423128036885,0.00229395813651,0.00741617506053,1
0.188815964442,0.190857697255,0.00244228163772,-0.284542098321,0
0.192633118388,-0.00429900162867,-0.0032485603287,0.00891010704885,0
0.192547138355,-0.199374213686,-0.00307035818772,0.300566306086,1
0.188559654081,-0.00420863454635,0.002940967934,0.0069166333713,1
0.18847548139,0.190871015809,0.00307930060143,-0.284836933361,0
0.192292901707,-0.00429471766427,-0.00261743806578,0.00881559186173,0
0.192207007353,-0.199379033568,-0.00244112622855,0.300671537415,1
0.188219426682,-0.00422237356216,0.00357230451976,0.00721972922643,1
0.188134979211,0.190848164052,0.00371669910428,-0.284333954878,0
0.191951942492,-0.00432659915459,-0.00196997999328,0.00951887486879,0
0.191865410509,-0.199420242826,-0.00177960249591,0.30157959879,1
0.187877005652,-0.00427297268549,0.0042519894799,0.00833595424285,1
0.187791546198,0.190787741765,0.00441870856475,-0.283002391358,0
0.191607301034,-0.00439695526384,-0.00124133926241,0.0110708920458,0
0.191519361928,-0.19950108203,-0.0010199214215,0.303361903066,1
0.187529340288,-0.00436461008055,0.00504731663982,0.0103574905367,1
0.187442048086,0.19068459341,0.00525446645055,-0.280728683198,0
0.191255739954,-0.00451191483243,-0.000360107213408,0.0136068432571,1
0.191165501658,0.190615198935,-8.7970348267e-05,-0.279189679934,0
0.194977805636,-0.00450549724073,-0.00567176394695,0.0134654999138,0
0.194887695692,-0.199545650728,-0.00540245394867,0.304353534826,1
0.190896782677,-0.00434712700884,0.000684616747841,0.00997170837466,1
0.190809840137,0.190764999183,0.000884050915334,-0.282495135018,0
0.194625140121,-0.00436955062542,-0.00476585178502,0.0104664862498,0
0.194537749108,-0.199422829933,-0.00455652206003,0.301641927363,1
0.190549292509,-0.00423623341709,0.00147631648724,0.00752545906591,1
0.190464567841,0.190864514262,0.00162682566856,-0.284691306645,0
0.194281858126,-0.0042806015504,-0.00406700046434,0.00850426626145,0
0.194196246095,-0.199343990882,-0.00389691513911,0.299901235588,1
0.190209366278,-0.00416671157752,0.00210110957265,0.00599184944174,1
0.190126032046,0.190925043799,0.00222094656149,-0.286027411915,0
0.193944532922,-0.00422851123698,-0.00349960167682,0.00735515642981,0
0.193859962697,-0.199300098831,-0.00335249854823,0.298931865218,1
0.189873960721,-0.00413052101327,0.00262613875613,0.00519351093176,1
0.1897913503,0.190953669331,0.00273000897477,-0.286659681614,0
0.193610423687,-0.00420710872668,-0.00300318465751,0.00688301622184,0
0.193526281512,-0.199285861542,-0.00286552433307,0.298616890905,1
0.189540564282,-0.00412318128481,0.00310681348503,0.00503160941161,1
0.189458100656,0.19095407627,0.00320744567326,-0.28666946302,0
0.193277182181,-0.00421347002823,-0.00252594358714,0.00702333796985,0
0.193192912781,-0.199299104719,-0.00238547682775,0.298908229839,1
